C:\Users\gkiotsalitisk\AppData\Local\Programs\Python\Python37\python.exe "C:/Users/gkiotsalitisk/Desktop/Files/Directories/PAPERS Utwente/Submitted/2021_Amalia/code_v4reform_conditionals.py"
[  6  20   6  22  60  10   1   3 480 550   0   0]
rho 0.5 gamma 0.1
6 3 20 {1: 480, 2: 480, 3: 480} 10 1
[[      0  677908 6150220  677908 6150220       0]
 [      1  538181 6086484  720415 6176264      16]
 [      2  588257 6139249  711815 6208837      10]
 [      3  528913 6152557  710831 6168718       4]
 [      4  500074 6269745  662179 6199594       4]
 [      5  585053 6140355  720134 6210199       3]
 [      6  557926 6181752  723050 6178505       9]] [[ 823  943  442  562]
 [ 852  972  455  575]
 [ 793  913  360  471]
 [1007 1127  475  595]
 [ 829  949  426  546]
 [ 891 1011  425  545]] length 6
{1: 720415, 2: 711815, 3: 710831, 4: 662179, 5: 720134, 6: 723050, 7: 538181, 8: 588257, 9: 528913, 10: 500074, 11: 585053, 12: 557926, 0: 677908, 13: 677908, 14: 677908, 15: 677908}
{1: 6176264, 2: 6208837, 3: 6168718, 4: 6199594, 5: 6210199, 6: 6178505, 7: 6086484, 8: 6139249, 9: 6152557, 10: 6269745, 11: 6140355, 12: 6181752, 0: 6150220, 13: 6150220, 14: 6150220, 15: 6150220}
{1: 16, 2: 10, 3: 4, 4: 4, 5: 3, 6: 9, 7: 16, 8: 10, 9: 4, 10: 4, 11: 3, 12: 9, 0: 0, 13: 0, 14: 0, 15: 0}
e_bound {1: 442, 2: 455, 3: 360, 4: 475, 5: 426, 6: 425, 7: 823, 8: 852, 9: 793, 10: 1007, 11: 829, 12: 891, 0: 360, 13: 360, 14: 360, 15: 360}
{1: 562, 2: 575, 3: 471, 4: 595, 5: 546, 6: 545, 7: 943, 8: 972, 9: 913, 10: 1127, 11: 949, 12: 1011, 0: 1320, 13: 1320, 14: 1320, 15: 1320}
{(0, 0): 0.0, (0, 1): 49.85112822193696, (0, 2): 67.71733410287206, (0, 3): 37.763738334545216, (0, 4): 51.81885098108603, (0, 5): 73.35199736203506, (0, 6): 53.27139372120838, (0, 7): 153.57705631050493, (0, 8): 90.31979097628604, (0, 9): 149.01332690065007, (0, 10): 214.26888990471764, (0, 11): 93.37756288316804, (0, 12): 124.0562265587665, (0, 13): 0.0, (0, 14): 0.0, (0, 15): 0.0, (1, 0): 49.85112822193696, (1, 1): 0.0, (1, 2): 33.689172281313176, (1, 3): 12.198162648530312, (1, 4): 62.73532175736409, (1, 5): 33.9361633954105, (1, 6): 3.45909034285027, (1, 7): 203.14940107221582, (1, 8): 137.24375100163942, (1, 9): 192.9638252445261, (1, 10): 239.35090065007066, (1, 11): 140.04401924038027, (1, 12): 162.5816510710849, (1, 13): 49.85112822193696, (1, 14): 49.85112822193696, (1, 15): 49.85112822193696, (2, 0): 67.71733410287206, (2, 1): 33.689172281313176, (2, 2): 0.0, (2, 3): 40.13106548548144, (2, 4): 50.48926168008401, (2, 5): 8.429757113938694, (2, 6): 32.3458722096035, (2, 7): 212.41238797443054, (2, 8): 141.8064494584079, (2, 9): 191.36504384030016, (2, 10): 220.32711032689556, (2, 11): 144.07771849942657, (2, 12): 156.254348886679, (2, 13): 67.71733410287206, (2, 14): 67.71733410287206, (2, 15): 67.71733410287206, (3, 0): 37.763738334545216, (3, 1): 12.198162648530312, (3, 2): 40.13106548548144, (3, 3): 0.0, (3, 4): 57.622430354854004, (3, 5): 42.5114004709325, (3, 6): 15.655329124614404, (3, 7): 191.23402745327516, (3, 8): 126.0666785356067, (3, 9): 182.6344344448768, (3, 10): 233.7198489174593, (3, 11): 128.9362829191225, (3, 12): 153.45951968190178, (3, 13): 37.763738334545216, (3, 14): 37.763738334545216, (3, 15): 37.763738334545216, (4, 0): 51.81885098108603, (4, 1): 62.73532175736409, (4, 2): 50.48926168008401, (4, 3): 57.622430354854004, (4, 4): 0.0, (4, 5): 58.91729839359574, (4, 6): 64.42068427143568, (4, 7): 167.83735014590764, (4, 8): 95.42526452150919, (4, 9): 141.32340968501998, (4, 10): 176.63293528105115, (4, 11): 97.25059895445375, (4, 12): 105.76873343762796, (4, 13): 51.81885098108603, (4, 14): 51.81885098108603, (4, 15): 51.81885098108603, (5, 0): 73.35199736203506, (5, 1): 33.9361633954105, (5, 2): 8.429757113938694, (5, 3): 42.5114004709325, (5, 4): 58.91729839359574, (5, 5): 0.0, (5, 6): 31.827860311368717, (5, 7): 220.02794239368782, (5, 8): 149.75127922325072, (5, 9): 199.71998148658037, (5, 10): 227.97396718923852, (5, 11): 152.06926348542626, (5, 12): 164.68353613218292, (5, 13): 73.35199736203506, (5, 14): 73.35199736203506, (5, 15): 73.35199736203506, (6, 0): 53.27139372120838, (6, 1): 3.45909034285027, (6, 2): 32.3458722096035, (6, 3): 15.655329124614404, (6, 4): 64.42068427143568, (6, 5): 31.827860311368717, (6, 6): 0.0, (6, 7): 206.5052338368207, (6, 8): 140.39297128061648, (6, 9): 195.86340513990865, (6, 10): 240.92121985412575, (6, 11): 143.1733023611595, (6, 12): 165.1559214348671, (6, 13): 53.27139372120838, (6, 14): 53.27139372120838, (6, 15): 53.27139372120838, (7, 0): 153.57705631050493, (7, 1): 203.14940107221582, (7, 2): 212.41238797443054, (7, 3): 191.23402745327516, (7, 4): 167.83735014590764, (7, 5): 220.02794239368782, (7, 6): 206.5052338368207, (7, 7): 0.0, (7, 8): 72.74442247347902, (7, 9): 66.71984077469011, (7, 10): 187.1810288731206, (7, 11): 71.4077658591837, (7, 12): 97.29263512208928, (7, 13): 153.57705631050493, (7, 14): 153.57705631050493, (7, 15): 153.57705631050493, (8, 0): 90.31979097628604, (8, 1): 137.24375100163942, (8, 2): 141.8064494584079, (8, 3): 126.0666785356067, (8, 4): 95.42526452150919, (8, 5): 149.75127922325072, (8, 6): 140.39297128061648, (8, 7): 72.74442247347902, (8, 8): 0.0, (8, 9): 60.81786908466952, (8, 10): 157.497452376221, (8, 11): 3.389520910099243, (8, 12): 52.21565445342996, (8, 13): 90.31979097628604, (8, 14): 90.31979097628604, (8, 15): 90.31979097628604, (9, 0): 149.01332690065007, (9, 1): 192.9638252445261, (9, 2): 191.36504384030016, (9, 3): 182.6344344448768, (9, 4): 141.32340968501998, (9, 5): 199.71998148658037, (9, 6): 195.86340513990865, (9, 7): 66.71984077469011, (9, 8): 60.81786908466952, (9, 9): 0.0, (9, 10): 120.6843621394255, (9, 11): 57.45074763656257, (9, 12): 41.1594727128519, (9, 13): 149.01332690065007, (9, 14): 149.01332690065007, (9, 15): 149.01332690065007, (10, 0): 214.26888990471764, (10, 1): 239.35090065007066, (10, 2): 220.32711032689556, (10, 3): 233.7198489174593, (10, 4): 176.63293528105115, (10, 5): 227.97396718923852, (10, 6): 240.92121985412575, (10, 7): 187.1810288731206, (10, 8): 157.497452376221, (10, 9): 120.6843621394255, (10, 10): 0.0, (10, 11): 154.80052500233973, (10, 12): 105.30727397953096, (10, 13): 214.26888990471764, (10, 14): 214.26888990471764, (10, 15): 214.26888990471764, (11, 0): 93.37756288316804, (11, 1): 140.04401924038027, (11, 2): 144.07771849942657, (11, 3): 128.9362829191225, (11, 4): 97.25059895445375, (11, 5): 152.06926348542626, (11, 6): 143.1733023611595, (11, 7): 71.4077658591837, (11, 8): 3.389520910099243, (11, 9): 57.45074763656257, (11, 10): 154.80052500233973, (11, 11): 0.0, (11, 12): 49.49328982801608, (11, 13): 93.37756288316804, (11, 14): 93.37756288316804, (11, 15): 93.37756288316804, (12, 0): 124.0562265587665, (12, 1): 162.5816510710849, (12, 2): 156.254348886679, (12, 3): 153.45951968190178, (12, 4): 105.76873343762796, (12, 5): 164.68353613218292, (12, 6): 165.1559214348671, (12, 7): 97.29263512208928, (12, 8): 52.21565445342996, (12, 9): 41.1594727128519, (12, 10): 105.30727397953096, (12, 11): 49.49328982801608, (12, 12): 0.0, (12, 13): 124.0562265587665, (12, 14): 124.0562265587665, (12, 15): 124.0562265587665, (13, 0): 0.0, (13, 1): 49.85112822193696, (13, 2): 67.71733410287206, (13, 3): 37.763738334545216, (13, 4): 51.81885098108603, (13, 5): 73.35199736203506, (13, 6): 53.27139372120838, (13, 7): 153.57705631050493, (13, 8): 90.31979097628604, (13, 9): 149.01332690065007, (13, 10): 214.26888990471764, (13, 11): 93.37756288316804, (13, 12): 124.0562265587665, (13, 13): 0.0, (13, 14): 0.0, (13, 15): 0.0, (14, 0): 0.0, (14, 1): 49.85112822193696, (14, 2): 67.71733410287206, (14, 3): 37.763738334545216, (14, 4): 51.81885098108603, (14, 5): 73.35199736203506, (14, 6): 53.27139372120838, (14, 7): 153.57705631050493, (14, 8): 90.31979097628604, (14, 9): 149.01332690065007, (14, 10): 214.26888990471764, (14, 11): 93.37756288316804, (14, 12): 124.0562265587665, (14, 13): 0.0, (14, 14): 0.0, (14, 15): 0.0, (15, 0): 0.0, (15, 1): 49.85112822193696, (15, 2): 67.71733410287206, (15, 3): 37.763738334545216, (15, 4): 51.81885098108603, (15, 5): 73.35199736203506, (15, 6): 53.27139372120838, (15, 7): 153.57705631050493, (15, 8): 90.31979097628604, (15, 9): 149.01332690065007, (15, 10): 214.26888990471764, (15, 11): 93.37756288316804, (15, 12): 124.0562265587665, (15, 13): 0.0, (15, 14): 0.0, (15, 15): 0.0} {(0, 0): 0.0, (0, 1): 49.85112822193696, (0, 2): 67.71733410287206, (0, 3): 37.763738334545216, (0, 4): 51.81885098108603, (0, 5): 73.35199736203506, (0, 6): 53.27139372120838, (0, 7): 153.57705631050493, (0, 8): 90.31979097628604, (0, 9): 149.01332690065007, (0, 10): 214.26888990471764, (0, 11): 93.37756288316804, (0, 12): 124.0562265587665, (0, 13): 0.0, (0, 14): 0.0, (0, 15): 0.0, (1, 0): 49.85112822193696, (1, 1): 0.0, (1, 2): 33.689172281313176, (1, 3): 12.198162648530312, (1, 4): 62.73532175736409, (1, 5): 33.9361633954105, (1, 6): 3.45909034285027, (1, 7): 203.14940107221582, (1, 8): 137.24375100163942, (1, 9): 192.9638252445261, (1, 10): 239.35090065007066, (1, 11): 140.04401924038027, (1, 12): 162.5816510710849, (1, 13): 49.85112822193696, (1, 14): 49.85112822193696, (1, 15): 49.85112822193696, (2, 0): 67.71733410287206, (2, 1): 33.689172281313176, (2, 2): 0.0, (2, 3): 40.13106548548144, (2, 4): 50.48926168008401, (2, 5): 8.429757113938694, (2, 6): 32.3458722096035, (2, 7): 212.41238797443054, (2, 8): 141.8064494584079, (2, 9): 191.36504384030016, (2, 10): 220.32711032689556, (2, 11): 144.07771849942657, (2, 12): 156.254348886679, (2, 13): 67.71733410287206, (2, 14): 67.71733410287206, (2, 15): 67.71733410287206, (3, 0): 37.763738334545216, (3, 1): 12.198162648530312, (3, 2): 40.13106548548144, (3, 3): 0.0, (3, 4): 57.622430354854004, (3, 5): 42.5114004709325, (3, 6): 15.655329124614404, (3, 7): 191.23402745327516, (3, 8): 126.0666785356067, (3, 9): 182.6344344448768, (3, 10): 233.7198489174593, (3, 11): 128.9362829191225, (3, 12): 153.45951968190178, (3, 13): 37.763738334545216, (3, 14): 37.763738334545216, (3, 15): 37.763738334545216, (4, 0): 51.81885098108603, (4, 1): 62.73532175736409, (4, 2): 50.48926168008401, (4, 3): 57.622430354854004, (4, 4): 0.0, (4, 5): 58.91729839359574, (4, 6): 64.42068427143568, (4, 7): 167.83735014590764, (4, 8): 95.42526452150919, (4, 9): 141.32340968501998, (4, 10): 176.63293528105115, (4, 11): 97.25059895445375, (4, 12): 105.76873343762796, (4, 13): 51.81885098108603, (4, 14): 51.81885098108603, (4, 15): 51.81885098108603, (5, 0): 73.35199736203506, (5, 1): 33.9361633954105, (5, 2): 8.429757113938694, (5, 3): 42.5114004709325, (5, 4): 58.91729839359574, (5, 5): 0.0, (5, 6): 31.827860311368717, (5, 7): 220.02794239368782, (5, 8): 149.75127922325072, (5, 9): 199.71998148658037, (5, 10): 227.97396718923852, (5, 11): 152.06926348542626, (5, 12): 164.68353613218292, (5, 13): 73.35199736203506, (5, 14): 73.35199736203506, (5, 15): 73.35199736203506, (6, 0): 53.27139372120838, (6, 1): 3.45909034285027, (6, 2): 32.3458722096035, (6, 3): 15.655329124614404, (6, 4): 64.42068427143568, (6, 5): 31.827860311368717, (6, 6): 0.0, (6, 7): 206.5052338368207, (6, 8): 140.39297128061648, (6, 9): 195.86340513990865, (6, 10): 240.92121985412575, (6, 11): 143.1733023611595, (6, 12): 165.1559214348671, (6, 13): 53.27139372120838, (6, 14): 53.27139372120838, (6, 15): 53.27139372120838, (7, 0): 153.57705631050493, (7, 1): 203.14940107221582, (7, 2): 212.41238797443054, (7, 3): 191.23402745327516, (7, 4): 167.83735014590764, (7, 5): 220.02794239368782, (7, 6): 206.5052338368207, (7, 7): 0.0, (7, 8): 72.74442247347902, (7, 9): 66.71984077469011, (7, 10): 187.1810288731206, (7, 11): 71.4077658591837, (7, 12): 97.29263512208928, (7, 13): 153.57705631050493, (7, 14): 153.57705631050493, (7, 15): 153.57705631050493, (8, 0): 90.31979097628604, (8, 1): 137.24375100163942, (8, 2): 141.8064494584079, (8, 3): 126.0666785356067, (8, 4): 95.42526452150919, (8, 5): 149.75127922325072, (8, 6): 140.39297128061648, (8, 7): 72.74442247347902, (8, 8): 0.0, (8, 9): 60.81786908466952, (8, 10): 157.497452376221, (8, 11): 3.389520910099243, (8, 12): 52.21565445342996, (8, 13): 90.31979097628604, (8, 14): 90.31979097628604, (8, 15): 90.31979097628604, (9, 0): 149.01332690065007, (9, 1): 192.9638252445261, (9, 2): 191.36504384030016, (9, 3): 182.6344344448768, (9, 4): 141.32340968501998, (9, 5): 199.71998148658037, (9, 6): 195.86340513990865, (9, 7): 66.71984077469011, (9, 8): 60.81786908466952, (9, 9): 0.0, (9, 10): 120.6843621394255, (9, 11): 57.45074763656257, (9, 12): 41.1594727128519, (9, 13): 149.01332690065007, (9, 14): 149.01332690065007, (9, 15): 149.01332690065007, (10, 0): 214.26888990471764, (10, 1): 239.35090065007066, (10, 2): 220.32711032689556, (10, 3): 233.7198489174593, (10, 4): 176.63293528105115, (10, 5): 227.97396718923852, (10, 6): 240.92121985412575, (10, 7): 187.1810288731206, (10, 8): 157.497452376221, (10, 9): 120.6843621394255, (10, 10): 0.0, (10, 11): 154.80052500233973, (10, 12): 105.30727397953096, (10, 13): 214.26888990471764, (10, 14): 214.26888990471764, (10, 15): 214.26888990471764, (11, 0): 93.37756288316804, (11, 1): 140.04401924038027, (11, 2): 144.07771849942657, (11, 3): 128.9362829191225, (11, 4): 97.25059895445375, (11, 5): 152.06926348542626, (11, 6): 143.1733023611595, (11, 7): 71.4077658591837, (11, 8): 3.389520910099243, (11, 9): 57.45074763656257, (11, 10): 154.80052500233973, (11, 11): 0.0, (11, 12): 49.49328982801608, (11, 13): 93.37756288316804, (11, 14): 93.37756288316804, (11, 15): 93.37756288316804, (12, 0): 124.0562265587665, (12, 1): 162.5816510710849, (12, 2): 156.254348886679, (12, 3): 153.45951968190178, (12, 4): 105.76873343762796, (12, 5): 164.68353613218292, (12, 6): 165.1559214348671, (12, 7): 97.29263512208928, (12, 8): 52.21565445342996, (12, 9): 41.1594727128519, (12, 10): 105.30727397953096, (12, 11): 49.49328982801608, (12, 12): 0.0, (12, 13): 124.0562265587665, (12, 14): 124.0562265587665, (12, 15): 124.0562265587665, (13, 0): 0.0, (13, 1): 49.85112822193696, (13, 2): 67.71733410287206, (13, 3): 37.763738334545216, (13, 4): 51.81885098108603, (13, 5): 73.35199736203506, (13, 6): 53.27139372120838, (13, 7): 153.57705631050493, (13, 8): 90.31979097628604, (13, 9): 149.01332690065007, (13, 10): 214.26888990471764, (13, 11): 93.37756288316804, (13, 12): 124.0562265587665, (13, 13): 0.0, (13, 14): 0.0, (13, 15): 0.0, (14, 0): 0.0, (14, 1): 49.85112822193696, (14, 2): 67.71733410287206, (14, 3): 37.763738334545216, (14, 4): 51.81885098108603, (14, 5): 73.35199736203506, (14, 6): 53.27139372120838, (14, 7): 153.57705631050493, (14, 8): 90.31979097628604, (14, 9): 149.01332690065007, (14, 10): 214.26888990471764, (14, 11): 93.37756288316804, (14, 12): 124.0562265587665, (14, 13): 0.0, (14, 14): 0.0, (14, 15): 0.0, (15, 0): 0.0, (15, 1): 49.85112822193696, (15, 2): 67.71733410287206, (15, 3): 37.763738334545216, (15, 4): 51.81885098108603, (15, 5): 73.35199736203506, (15, 6): 53.27139372120838, (15, 7): 153.57705631050493, (15, 8): 90.31979097628604, (15, 9): 149.01332690065007, (15, 10): 214.26888990471764, (15, 11): 93.37756288316804, (15, 12): 124.0562265587665, (15, 13): 0.0, (15, 14): 0.0, (15, 15): 0.0}
P [1, 2, 3, 4, 5, 6]
D [7, 8, 9, 10, 11, 12]
V [0, 1, 2, 3, 4, 5, 6, 7, 8, 9, 10, 11, 12, 13, 14, 15]
PcupD [1, 2, 3, 4, 5, 6, 7, 8, 9, 10, 11, 12]
A [(0, 1), (0, 2), (0, 3), (0, 4), (0, 5), (0, 6), (1, 13), (2, 13), (3, 13), (4, 13), (5, 13), (6, 13), (1, 2), (1, 3), (1, 4), (1, 5), (1, 6), (2, 1), (2, 3), (2, 4), (2, 5), (2, 6), (3, 1), (3, 2), (3, 4), (3, 5), (3, 6), (4, 1), (4, 2), (4, 3), (4, 5), (4, 6), (5, 1), (5, 2), (5, 3), (5, 4), (5, 6), (6, 1), (6, 2), (6, 3), (6, 4), (6, 5), (14, 7), (14, 8), (14, 9), (14, 10), (14, 11), (14, 12), (7, 15), (8, 15), (9, 15), (10, 15), (11, 15), (12, 15), (7, 8), (7, 9), (7, 10), (7, 11), (7, 12), (8, 7), (8, 9), (8, 10), (8, 11), (8, 12), (9, 7), (9, 8), (9, 10), (9, 11), (9, 12), (10, 7), (10, 8), (10, 9), (10, 11), (10, 12), (11, 7), (11, 8), (11, 9), (11, 10), (11, 12), (12, 7), (12, 8), (12, 9), (12, 10), (12, 11)]
active_t [[  0.          49.85112822  67.7173341   37.76373833  51.81885098
   73.35199736  53.27139372   0.           0.           0.
    0.           0.           0.           0.           0.
    0.        ]
 [  0.           0.          33.68917228  12.19816265  62.73532176
   33.9361634    3.45909034   0.           0.           0.
    0.           0.           0.          49.85112822   0.
    0.        ]
 [  0.          33.68917228   0.          40.13106549  50.48926168
    8.42975711  32.34587221   0.           0.           0.
    0.           0.           0.          67.7173341    0.
    0.        ]
 [  0.          12.19816265  40.13106549   0.          57.62243035
   42.51140047  15.65532912   0.           0.           0.
    0.           0.           0.          37.76373833   0.
    0.        ]
 [  0.          62.73532176  50.48926168  57.62243035   0.
   58.91729839  64.42068427   0.           0.           0.
    0.           0.           0.          51.81885098   0.
    0.        ]
 [  0.          33.9361634    8.42975711  42.51140047  58.91729839
    0.          31.82786031   0.           0.           0.
    0.           0.           0.          73.35199736   0.
    0.        ]
 [  0.           3.45909034  32.34587221  15.65532912  64.42068427
   31.82786031   0.           0.           0.           0.
    0.           0.           0.          53.27139372   0.
    0.        ]
 [  0.           0.           0.           0.           0.
    0.           0.           0.          72.74442247  66.71984077
  187.18102887  71.40776586  97.29263512   0.           0.
  153.57705631]
 [  0.           0.           0.           0.           0.
    0.           0.          72.74442247   0.          60.81786908
  157.49745238   3.38952091  52.21565445   0.           0.
   90.31979098]
 [  0.           0.           0.           0.           0.
    0.           0.          66.71984077  60.81786908   0.
  120.68436214  57.45074764  41.15947271   0.           0.
  149.0133269 ]
 [  0.           0.           0.           0.           0.
    0.           0.         187.18102887 157.49745238 120.68436214
    0.         154.800525   105.30727398   0.           0.
  214.2688899 ]
 [  0.           0.           0.           0.           0.
    0.           0.          71.40776586   3.38952091  57.45074764
  154.800525     0.          49.49328983   0.           0.
   93.37756288]
 [  0.           0.           0.           0.           0.
    0.           0.          97.29263512  52.21565445  41.15947271
  105.30727398  49.49328983   0.           0.           0.
  124.05622656]
 [  0.           0.           0.           0.           0.
    0.           0.           0.           0.           0.
    0.           0.           0.           0.           0.
    0.        ]
 [  0.           0.           0.           0.           0.
    0.           0.         153.57705631  90.31979098 149.0133269
  214.2688899   93.37756288 124.05622656   0.           0.
    0.        ]
 [  0.           0.           0.           0.           0.
    0.           0.           0.           0.           0.
    0.           0.           0.           0.           0.
    0.        ]]
Using license file C:\Users\gkiotsalitisk\gurobi.lic
Academic license - for non-commercial use only
q {1: 16, 2: 10, 3: 4, 4: 4, 5: 3, 6: 9, 7: 16, 8: 10, 9: 4, 10: 4, 11: 3, 12: 9, 0: 0, 13: 0, 14: 0, 15: 0}
Changed value of parameter NodefileStart to 0.5
   Prev: inf  Min: 0.0  Max: inf  Default: inf
Gurobi Optimizer version 9.0.3 build v9.0.3rc0 (win64)
Optimize a model with 3082 rows, 1389 columns and 9580 nonzeros
Model fingerprint: 0x548c6be9
Variable types: 1047 continuous, 342 integer (342 binary)
Coefficient statistics:
  Matrix range     [1e-04, 1e+04]
  Objective range  [3e+00, 2e+02]
  Bounds range     [1e+00, 1e+00]
  RHS range        [1e+00, 1e+04]
Presolve removed 1144 rows and 591 columns
Presolve time: 0.04s
Presolved: 1938 rows, 798 columns, 8436 nonzeros
Variable types: 513 continuous, 285 integer (282 binary)

Root relaxation: objective 1.271320e+03, 328 iterations, 0.01 seconds

    Nodes    |    Current Node    |     Objective Bounds      |     Work
 Expl Unexpl |  Obj  Depth IntInf | Incumbent    BestBd   Gap | It/Node Time

     0     0 1271.31981    0   62          - 1271.31981      -     -    0s
     0     0 1350.82857    0   61          - 1350.82857      -     -    0s
     0     0 1350.82857    0   64          - 1350.82857      -     -    0s
     0     0 1350.82857    0   53          - 1350.82857      -     -    0s
     0     0 1350.82857    0   53          - 1350.82857      -     -    0s
H    0     0                    1460.2347009 1350.82857  7.49%     -    0s
     0     0 1350.82857    0   29 1460.23470 1350.82857  7.49%     -    0s
     0     0 1350.82857    0   29 1460.23470 1350.82857  7.49%     -    0s
     0     0 1350.82857    0   34 1460.23470 1350.82857  7.49%     -    0s
     0     0 1350.82857    0   40 1460.23470 1350.82857  7.49%     -    0s
H    0     0                    1460.1978000 1350.82857  7.49%     -    0s
     0     0 1350.82857    0   31 1460.19780 1350.82857  7.49%     -    0s
     0     0 1350.82857    0   28 1460.19780 1350.82857  7.49%     -    0s
     0     2 1350.82857    0   28 1460.19780 1350.82857  7.49%     -    0s
H  445   202                    1428.3192166 1351.50041  5.38%  26.3    1s
*  858   242              25    1390.5120740 1351.50041  2.81%  26.6    1s
* 1958   439              18    1390.4751730 1353.10743  2.69%  26.4    1s

Cutting planes:
  Learned: 8
  Gomory: 14
  Cover: 115
  Implied bound: 145
  Clique: 13
  MIR: 134
  StrongCG: 1
  GUB cover: 1
  Inf proof: 3
  Zero half: 10
  RLT: 11
  Relax-and-lift: 46

Explored 5625 nodes (151459 simplex iterations) in 3.78 seconds
Thread count was 8 (of 8 available processors)

Solution count 5: 1390.48 1390.51 1428.32 ... 1460.23

Optimal solution found (tolerance 1.00e-04)
Best objective 1.390475172983e+03, best bound 1.390475172983e+03, gap 0.0000%

    Variable            X 
-------------------------
    x[0,3,2]            1 
    x[0,5,1]            1 
    x[0,6,3]            1 
   x[1,13,2]            1 
   x[4,13,1]            1 
   x[6,13,3]            1 
    x[2,4,1]            1 
    x[3,1,2]            1 
    x[5,2,1]            1 
   x[14,8,2]            1 
   x[14,9,3]            1 
  x[14,12,1]            1 
   x[7,15,3]            1 
  x[10,15,1]            1 
  x[11,15,2]            1 
   x[8,11,2]            1 
    x[9,7,3]            1 
  x[12,10,1]            1 
        w[1]      747.944 
        w[2]       738.68 
        w[3]      617.271 
        r[1]          550 
        r[2]      448.946 
        r[3]      547.534 
        r[4]          550 
        r[5]          550 
        r[6]      434.637 
      u[0,1]          360 
      u[0,2]          360 
      u[0,3]          360 
      u[1,1]          442 
      u[1,2]       502.05 
      u[1,3]          442 
      u[2,1]      480.001 
      u[2,2]          455 
      u[2,3]          455 
      u[3,1]          360 
      u[3,2]      397.764 
      u[3,3]          471 
      u[4,1]       530.49 
      u[4,2]          475 
      u[4,3]          475 
      u[5,1]      433.352 
      u[5,2]          546 
      u[5,3]       517.06 
      u[6,1]          545 
      u[6,2]          545 
      u[6,3]          545 
      u[7,1]          823 
      u[7,2]          823 
      u[7,3]      863.005 
      u[8,1]          852 
      u[8,2]          852 
      u[8,3]          972 
      u[9,1]          913 
      u[9,2]          793 
      u[9,3]      796.285 
     u[10,1]         1007 
     u[10,2]         1127 
     u[10,3]         1127 
     u[11,1]          949 
     u[11,2]      906.405 
     u[11,3]          829 
     u[12,1]          891 
     u[12,2]          891 
     u[12,3]          891 
     u[13,1]       715.68 
     u[13,2]      551.901 
     u[13,3]      598.271 
     u[14,1]      766.944 
     u[14,2]       761.68 
     u[14,3]      647.271 
     u[15,1]      1221.27 
     u[15,2]      1241.68 
     u[15,3]      1016.58 
    eta[1,2]            1 
    eta[2,1]            1 
    eta[3,2]            1 
    eta[5,1]            1 
    eta[6,3]            1 
  theta[1,3]            1 
  theta[2,2]            1 
  theta[3,3]            1 
  theta[5,2]            1 
  theta[6,1]            1 
    eta_k[1]            1 
    eta_k[2]            1 
    eta_k[3]            1 
  theta_k[1]            1 
  theta_k[2]            1 
  theta_k[3]            1 
      tau[1]       738.68 
      tau[2]      581.901 
      tau[3]      617.271 
        z[1]      581.901 
        z[2]       738.68 
        z[3]      581.901 
        z[4]          360 
        z[5]       738.68 
        z[6]      617.271 
      v[1,1]           10 
      v[1,2]           20 
      v[1,3]           10 
      v[2,1]           13 
      v[2,2]           20 
      v[2,3]           20 
      v[3,1]           10 
      v[3,2]            4 
      v[4,1]           17 
      v[4,2]           10 
      v[4,3]           10 
      v[5,1]            3 
      v[5,2]           20 
      v[5,3]           20 
      v[6,3]            9 
      v[7,1]           10 
      v[7,2]           10 
      v[8,2]            3 
      v[8,3]           10 
      v[9,2]           10 
      v[9,3]           16 
     v[10,2]           10 
     v[10,3]           10 
     v[11,1]           10 
     v[11,3]           10 
     v[12,1]            4 
     v[13,1]           17 
     v[13,2]           20 
     v[13,3]            9 
     v[14,1]           13 
     v[14,2]           13 
     v[14,3]           20 
     v[15,1]           10 
     v[15,2]           10 
     v[15,3]           10 
      g[1,2]           10 
      g[2,1]            3 
      g[2,2]           10 
      g[2,3]           10 
      g[4,1]            7 
      g[5,2]           10 
      g[5,3]           10 
      g[9,3]            6 
     g[13,1]            7 
     g[13,2]           10 
     g[14,1]            3 
     g[14,2]            3 
     g[14,3]           10 
      d[0,1]            1 
      d[0,2]            1 
      d[0,3]            1 
      d[1,1]            1 
      d[1,2]            2 
      d[1,3]            1 
      d[2,1]          1.3 
      d[2,2]            2 
      d[2,3]            2 
      d[3,1]            1 
      d[3,2]            1 
      d[3,3]            1 
      d[4,1]          1.7 
      d[4,2]            1 
      d[4,3]            1 
      d[5,1]            1 
      d[5,2]            2 
      d[5,3]            2 
      d[6,1]            1 
      d[6,2]            1 
      d[6,3]            1 
      d[7,1]            1 
      d[7,2]            1 
      d[7,3]            1 
      d[8,1]            1 
      d[8,2]            1 
      d[8,3]            1 
      d[9,1]            1 
      d[9,2]            1 
      d[9,3]          1.6 
     d[10,1]            1 
     d[10,2]            1 
     d[10,3]            1 
     d[11,1]            1 
     d[11,2]            1 
     d[11,3]            1 
     d[12,1]            1 
     d[12,2]            1 
     d[12,3]            1 
     d[13,1]          1.7 
     d[13,2]            2 
     d[13,3]            1 
     d[14,1]          1.3 
     d[14,2]          1.3 
     d[14,3]            2 
     d[15,1]            1 
     d[15,2]            1 
     d[15,3]            1 
  delta[0,1]            1 
  delta[0,2]            1 
  delta[0,3]            1 
  delta[3,1]            1 
  delta[3,2]            1 
  delta[3,3]            1 
  delta[4,2]            1 
  delta[4,3]            1 
  delta[5,1]            1 
  delta[6,1]            1 
  delta[6,2]            1 
  delta[6,3]            1 
  delta[7,1]            1 
  delta[7,2]            1 
  delta[7,3]            1 
  delta[8,1]            1 
  delta[8,2]            1 
  delta[8,3]            1 
  delta[9,1]            1 
  delta[9,2]            1 
 delta[10,1]            1 
 delta[10,2]            1 
 delta[11,2]            1 
 delta[11,3]            1 
 delta[12,1]            1 
 delta[12,2]            1 
 delta[12,3]            1 
 delta[13,3]            1 
 delta[15,1]            1 
 delta[15,2]            1 
 delta[15,3]            1 
      p[0,1]          360 
      p[0,2]          360 
      p[0,3]          360 
      p[1,2]       502.05 
      p[2,1]      480.001 
      p[2,3]      9929.51 
      p[3,2]      397.764 
      p[4,1]      545.637 
      p[5,1]      433.352 
      p[6,3]          545 
      p[7,3]      1052.05 
      p[8,2]      928.947 
      p[9,1]         9964 
      p[9,3]      945.298 
     p[10,1]      1095.64 
     p[11,2]      983.352 
     p[12,1]      979.637 
     p[13,1]        767.1 
     p[13,2]      601.752 
     p[13,3]      598.271 
     p[14,1]      818.364 
     p[14,2]      811.531 
     p[14,3]      647.271 
     p[15,1]      1309.91 
     p[15,2]      1318.63 
     p[15,3]      1205.63 
    s[0,1,1]            6 
    s[0,1,2]           -4 
    s[0,1,3]            6 
    s[0,2,1]           -3 
    s[0,2,2]          -10 
    s[0,2,3]          -10 
    s[0,3,1]           -6 
    s[0,3,3]            4 
    s[0,4,1]          -13 
    s[0,4,2]           -6 
    s[0,4,3]           -6 
    s[0,5,2]          -17 
    s[0,5,3]          -17 
    s[0,6,1]            9 
    s[0,6,2]            9 
   s[1,13,1]           -7 
   s[1,13,3]            1 
   s[2,13,1]           -4 
   s[2,13,3]           11 
   s[3,13,1]           -7 
   s[3,13,2]          -16 
   s[3,13,3]           -9 
   s[4,13,2]          -10 
   s[4,13,3]            1 
   s[5,13,1]          -14 
   s[5,13,3]           11 
   s[6,13,1]          -17 
   s[6,13,2]          -20 
    s[1,2,1]            7 
    s[1,2,2]           10 
    s[1,3,1]            4 
    s[1,3,2]           20 
    s[1,3,3]           14 
    s[1,4,1]           -3 
    s[1,4,2]           14 
    s[1,4,3]            4 
    s[1,5,1]           10 
    s[1,5,2]            3 
    s[1,5,3]           -7 
    s[1,6,1]           19 
    s[1,6,2]           29 
    s[1,6,3]           10 
    s[2,1,1]           19 
    s[2,1,2]           16 
    s[2,1,3]           26 
    s[2,3,1]            7 
    s[2,3,2]           20 
    s[2,3,3]           24 
    s[2,4,2]           14 
    s[2,4,3]           14 
    s[2,5,1]           13 
    s[2,5,2]            3 
    s[2,5,3]            3 
    s[2,6,1]           22 
    s[2,6,2]           29 
    s[2,6,3]           20 
    s[3,1,1]           16 
    s[3,1,3]            6 
    s[3,2,1]            7 
    s[3,2,2]           -6 
    s[3,2,3]          -10 
    s[3,4,1]           -3 
    s[3,4,2]           -2 
    s[3,4,3]           -6 
    s[3,5,1]           10 
    s[3,5,2]          -13 
    s[3,5,3]          -17 
    s[3,6,1]           19 
    s[3,6,2]           13 
    s[4,1,1]           23 
    s[4,1,2]            6 
    s[4,1,3]           16 
    s[4,2,1]           14 
    s[4,3,1]           11 
    s[4,3,2]           10 
    s[4,3,3]           14 
    s[4,5,1]           17 
    s[4,5,2]           -7 
    s[4,5,3]           -7 
    s[4,6,1]           26 
    s[4,6,2]           19 
    s[4,6,3]           10 
    s[5,1,1]            9 
    s[5,1,2]           16 
    s[5,1,3]           26 
    s[5,2,2]           10 
    s[5,2,3]           10 
    s[5,3,1]           -3 
    s[5,3,2]           20 
    s[5,3,3]           24 
    s[5,4,1]          -10 
    s[5,4,2]           14 
    s[5,4,3]           14 
    s[5,6,1]           12 
    s[5,6,2]           29 
    s[5,6,3]           20 
    s[6,1,1]            6 
    s[6,1,2]           -4 
    s[6,1,3]           15 
    s[6,2,1]           -3 
    s[6,2,2]          -10 
    s[6,2,3]           -1 
    s[6,3,1]           -6 
    s[6,3,3]           13 
    s[6,4,1]          -13 
    s[6,4,2]           -6 
    s[6,4,3]            3 
    s[6,5,2]          -17 
    s[6,5,3]           -8 
   s[14,7,1]          -13 
   s[14,7,2]          -13 
   s[14,7,3]            4 
   s[14,8,1]            3 
   s[14,9,1]            9 
   s[14,9,2]           -1 
  s[14,10,1]            9 
  s[14,10,2]           -1 
  s[14,10,3]            6 
  s[14,11,2]           10 
  s[14,11,3]            7 
  s[14,12,2]            4 
  s[14,12,3]           11 
    s[7,8,2]           -3 
    s[7,8,3]          -20 
    s[7,9,1]            6 
    s[7,9,2]           -4 
    s[7,9,3]          -20 
   s[7,10,1]            6 
   s[7,10,2]           -4 
   s[7,10,3]          -14 
   s[7,11,1]           -3 
   s[7,11,2]            7 
   s[7,11,3]          -13 
   s[7,12,1]           -3 
   s[7,12,2]            1 
   s[7,12,3]           -9 
    s[8,7,1]          -26 
    s[8,7,2]          -23 
    s[8,7,3]           -6 
    s[8,9,1]           -4 
    s[8,9,2]          -11 
    s[8,9,3]          -10 
   s[8,10,1]           -4 
   s[8,10,2]          -11 
   s[8,10,3]           -4 
   s[8,11,1]          -13 
   s[8,11,3]           -3 
   s[8,12,1]          -13 
   s[8,12,2]           -6 
   s[8,12,3]            1 
    s[9,7,1]          -26 
    s[9,7,2]          -16 
    s[9,8,1]          -10 
    s[9,8,2]           -3 
    s[9,8,3]           -4 
   s[9,10,1]           -4 
   s[9,10,2]           -4 
   s[9,10,3]            2 
   s[9,11,1]          -13 
   s[9,11,2]            7 
   s[9,11,3]            3 
   s[9,12,1]          -13 
   s[9,12,2]            1 
   s[9,12,3]            7 
   s[10,7,1]          -26 
   s[10,7,2]          -16 
   s[10,7,3]           -6 
   s[10,8,1]          -10 
   s[10,8,2]           -3 
   s[10,8,3]          -10 
   s[10,9,1]           -4 
   s[10,9,2]           -4 
   s[10,9,3]          -10 
  s[10,11,1]          -13 
  s[10,11,2]            7 
  s[10,11,3]           -3 
  s[10,12,1]          -13 
  s[10,12,2]            1 
  s[10,12,3]            1 
   s[11,7,1]          -16 
   s[11,7,2]          -26 
   s[11,7,3]           -6 
   s[11,8,2]          -13 
   s[11,8,3]          -10 
   s[11,9,1]            6 
   s[11,9,2]          -14 
   s[11,9,3]          -10 
  s[11,10,1]            6 
  s[11,10,2]          -14 
  s[11,10,3]           -4 
  s[11,12,1]           -3 
  s[11,12,2]           -9 
  s[11,12,3]            1 
   s[12,7,1]          -22 
   s[12,7,2]          -26 
   s[12,7,3]          -16 
   s[12,8,1]           -6 
   s[12,8,2]          -13 
   s[12,8,3]          -20 
   s[12,9,2]          -14 
   s[12,9,3]          -20 
  s[12,10,2]          -14 
  s[12,10,3]          -14 
  s[12,11,1]           -9 
  s[12,11,2]           -3 
  s[12,11,3]          -13 
s_tilde[0,1,1]          442 
s_tilde[0,1,3]          442 
s_tilde[0,2,2]          455 
s_tilde[0,2,3]     -9474.51 
s_tilde[0,3,1]          360 
s_tilde[0,3,3]          471 
s_tilde[0,4,1]     -15.1468 
s_tilde[0,4,2]          475 
s_tilde[0,4,3]          475 
s_tilde[0,5,2]          546 
s_tilde[0,5,3]       517.06 
s_tilde[0,6,1]          545 
s_tilde[0,6,2]          545 
s_tilde[1,13,1]      -493.42 
s_tilde[1,13,3]         -442 
s_tilde[2,13,1]     -31.1048 
s_tilde[2,13,2]     -437.134 
s_tilde[2,13,3]      9542.23 
s_tilde[3,13,1]      -411.42 
s_tilde[3,13,2]     -49.8511 
s_tilde[3,13,3]         -471 
s_tilde[4,13,2]     -524.851 
s_tilde[4,13,3]         -475 
s_tilde[5,13,1]       -51.42 
s_tilde[5,13,2]     -522.499 
s_tilde[5,13,3]     -443.708 
s_tilde[6,13,1]      -596.42 
s_tilde[6,13,2]     -594.851 
s_tilde[1,2,1]         -442 
s_tilde[1,2,2]      488.689 
s_tilde[1,2,3]     -9916.51 
s_tilde[1,3,1]          -82 
s_tilde[1,3,2]      12.1982 
s_tilde[1,3,3]           29 
s_tilde[1,4,1]     -457.147 
s_tilde[1,4,2]      537.735 
s_tilde[1,4,3]           33 
s_tilde[1,5,1]         -442 
s_tilde[1,5,2]      579.936 
s_tilde[1,5,3]      75.0595 
s_tilde[1,6,1]          103 
s_tilde[1,6,2]      548.459 
s_tilde[1,6,3]         -442 
s_tilde[2,1,1]      452.107 
s_tilde[2,1,2]     -421.311 
s_tilde[2,1,3]       9950.2 
s_tilde[2,3,1]      372.039 
s_tilde[2,3,2]     -414.869 
s_tilde[2,3,3]      9985.64 
s_tilde[2,4,2]      70.4893 
s_tilde[2,4,3]        10000 
s_tilde[2,5,1]      2.52893 
s_tilde[2,5,2]      99.4298 
s_tilde[2,5,3]        10000 
s_tilde[2,6,1]      554.704 
s_tilde[2,6,2]      122.346 
s_tilde[2,6,3]      9506.86 
s_tilde[3,1,1]           82 
s_tilde[3,1,3]          -29 
s_tilde[3,2,1]         -360 
s_tilde[3,2,2]          455 
s_tilde[3,2,3]     -9945.51 
s_tilde[3,4,1]     -375.147 
s_tilde[3,4,2]          475 
s_tilde[3,4,3]            4 
s_tilde[3,5,1]         -360 
s_tilde[3,5,2]          546 
s_tilde[3,5,3]      46.0595 
s_tilde[3,6,1]          185 
s_tilde[3,6,2]          545 
s_tilde[3,6,3]         -471 
s_tilde[4,1,1]      501.062 
s_tilde[4,1,2]         -475 
s_tilde[4,1,3]          -33 
s_tilde[4,2,1]      50.4893 
s_tilde[4,2,2]          -20 
s_tilde[4,2,3]     -9949.51 
s_tilde[4,3,1]      415.482 
s_tilde[4,3,2]         -475 
s_tilde[4,3,3]           -4 
s_tilde[4,5,1]      56.3889 
s_tilde[4,5,2]           71 
s_tilde[4,5,3]      42.0595 
s_tilde[4,6,1]      605.241 
s_tilde[4,6,2]           70 
s_tilde[4,6,3]         -475 
s_tilde[5,1,1]          442 
s_tilde[5,1,2]     -512.064 
s_tilde[5,1,3]     -41.1233 
s_tilde[5,2,2]     -82.5702 
s_tilde[5,2,3]     -9983.14 
s_tilde[5,3,1]          360 
s_tilde[5,3,2]     -503.489 
s_tilde[5,3,3]      -3.5481 
s_tilde[5,4,1]     -15.1468 
s_tilde[5,4,2]     -12.0827 
s_tilde[5,4,3]      16.8578 
s_tilde[5,6,1]          545 
s_tilde[5,6,2]      30.8279 
s_tilde[5,6,3]     -485.232 
s_tilde[6,1,1]         -103 
s_tilde[6,1,2]         -545 
s_tilde[6,1,3]          442 
s_tilde[6,2,1]         -545 
s_tilde[6,2,2]          -90 
s_tilde[6,2,3]     -9474.51 
s_tilde[6,3,1]         -185 
s_tilde[6,3,2]         -545 
s_tilde[6,3,3]          471 
s_tilde[6,4,1]     -560.147 
s_tilde[6,4,2]          -70 
s_tilde[6,4,3]          475 
s_tilde[6,5,1]         -545 
s_tilde[6,5,2]            1 
s_tilde[6,5,3]       517.06 
s_tilde[14,7,1]      920.493 
s_tilde[14,7,2]      918.924 
s_tilde[14,7,3]     -35.4682 
s_tilde[14,8,1]      930.516 
s_tilde[14,8,3]      1062.32 
s_tilde[14,9,1]     -8954.88 
s_tilde[14,9,2]      887.555 
s_tilde[14,10,1]      27.0638 
s_tilde[14,10,2]      1241.13 
s_tilde[14,10,3]      1341.27 
s_tilde[14,11,1]      1028.43 
s_tilde[14,11,2]     0.917332 
s_tilde[14,11,3]      922.378 
s_tilde[14,12,2]      978.068 
s_tilde[14,12,3]      1015.06 
s_tilde[7,15,1]     -911.637 
s_tilde[7,15,2]     -899.947 
s_tilde[8,15,1]     -940.637 
s_tilde[8,15,3]     -1161.05 
s_tilde[9,15,1]      8962.36 
s_tilde[9,15,2]     -869.947 
s_tilde[9,15,3]      49.3761 
s_tilde[10,15,2]     -1203.95 
s_tilde[10,15,3]     -1316.05 
s_tilde[11,15,1]     -1037.64 
s_tilde[11,15,3]     -1018.05 
s_tilde[12,15,2]     -967.947 
s_tilde[12,15,3]     -1080.05 
s_tilde[7,8,1]           29 
s_tilde[7,8,2]     -899.947 
s_tilde[7,8,3]      1161.05 
s_tilde[7,9,1]        -9874 
s_tilde[7,9,2]          -30 
s_tilde[7,9,3]      40.0319 
s_tilde[7,10,1]     -911.637 
s_tilde[7,10,2]          304 
s_tilde[7,10,3]      1316.05 
s_tilde[7,11,1]          126 
s_tilde[7,11,2]     -899.947 
s_tilde[7,11,3]      1018.05 
s_tilde[7,12,1]     -911.637 
s_tilde[7,12,2]           68 
s_tilde[7,12,3]      1080.05 
s_tilde[8,7,1]          -29 
s_tilde[8,7,2]      899.947 
s_tilde[8,7,3]     -1161.05 
s_tilde[8,9,1]        -9903 
s_tilde[8,9,2]      869.947 
s_tilde[8,9,3]     -1121.01 
s_tilde[8,10,1]     -940.637 
s_tilde[8,10,2]      1203.95 
s_tilde[8,10,3]          155 
s_tilde[8,11,1]           97 
s_tilde[8,11,3]         -143 
s_tilde[8,12,1]     -940.637 
s_tilde[8,12,2]      967.947 
s_tilde[8,12,3]          -81 
s_tilde[9,7,1]         9874 
s_tilde[9,7,2]           30 
s_tilde[9,8,1]         9903 
s_tilde[9,8,2]     -869.947 
s_tilde[9,8,3]       1157.5 
s_tilde[9,10,1]      8962.36 
s_tilde[9,10,2]          334 
s_tilde[9,10,3]      1348.42 
s_tilde[9,11,1]        10000 
s_tilde[9,11,2]     -869.947 
s_tilde[9,11,3]      1012.48 
s_tilde[9,12,1]      8962.36 
s_tilde[9,12,2]           98 
s_tilde[9,12,3]      1064.71 
s_tilde[10,7,1]      911.637 
s_tilde[10,7,2]         -304 
s_tilde[10,7,3]     -1316.05 
s_tilde[10,8,1]      940.637 
s_tilde[10,8,2]     -1203.95 
s_tilde[10,8,3]         -155 
s_tilde[10,9,1]     -8962.36 
s_tilde[10,9,2]         -334 
s_tilde[10,9,3]     -1276.01 
s_tilde[10,11,1]      1037.64 
s_tilde[10,11,2]     -1203.95 
s_tilde[10,11,3]         -298 
s_tilde[10,12,2]         -236 
s_tilde[10,12,3]         -236 
s_tilde[11,7,1]         -126 
s_tilde[11,7,2]      899.947 
s_tilde[11,7,3]     -1018.05 
s_tilde[11,8,1]          -97 
s_tilde[11,8,3]          143 
s_tilde[11,9,1]       -10000 
s_tilde[11,9,2]      869.947 
s_tilde[11,9,3]     -978.013 
s_tilde[11,10,1]     -1037.64 
s_tilde[11,10,2]      1203.95 
s_tilde[11,10,3]          298 
s_tilde[11,12,1]     -1037.64 
s_tilde[11,12,2]      967.947 
s_tilde[11,12,3]           62 
s_tilde[12,7,1]      911.637 
s_tilde[12,7,2]          -68 
s_tilde[12,7,3]     -1080.05 
s_tilde[12,8,1]      940.637 
s_tilde[12,8,2]     -967.947 
s_tilde[12,8,3]           81 
s_tilde[12,9,1]     -8962.36 
s_tilde[12,9,2]          -98 
s_tilde[12,9,3]     -1040.01 
s_tilde[12,10,2]          236 
s_tilde[12,10,3]          236 
s_tilde[12,11,1]      1037.64 
s_tilde[12,11,2]     -967.947 
s_tilde[12,11,3]          -62 
sigma[0,1,1]      -502.05 
sigma[0,1,3]      -502.05 
sigma[0,2,2]     -480.001 
sigma[0,2,3]      9449.51 
sigma[0,3,1]     -397.764 
sigma[0,3,3]     -397.764 
sigma[0,4,2]     -545.637 
sigma[0,4,3]     -545.637 
sigma[0,5,2]     -433.352 
sigma[0,5,3]     -433.352 
sigma[0,6,1]         -545 
sigma[0,6,2]         -545 
sigma[1,2,2]     -480.001 
sigma[1,2,3]      9449.51 
sigma[1,3,1]     -397.764 
sigma[1,3,3]     -397.764 
sigma[1,4,2]     -545.637 
sigma[1,4,3]     -545.637 
sigma[1,5,2]     -433.352 
sigma[1,5,3]     -433.352 
sigma[1,6,1]         -545 
sigma[1,6,2]         -545 
sigma[2,1,1]      -502.05 
sigma[2,1,3]      -502.05 
sigma[2,3,1]     -397.764 
sigma[2,3,3]     -397.764 
sigma[2,4,2]     -545.637 
sigma[2,4,3]     -545.637 
sigma[2,5,2]     -433.352 
sigma[2,5,3]     -433.352 
sigma[2,6,1]         -545 
sigma[2,6,2]         -545 
sigma[3,1,1]      -502.05 
sigma[3,1,3]      -502.05 
sigma[3,2,2]     -480.001 
sigma[3,2,3]      9449.51 
sigma[3,4,2]     -545.637 
sigma[3,4,3]     -545.637 
sigma[3,5,2]     -433.352 
sigma[3,5,3]     -433.352 
sigma[3,6,1]         -545 
sigma[3,6,2]         -545 
sigma[4,1,1]      -502.05 
sigma[4,1,3]      -502.05 
sigma[4,2,2]     -480.001 
sigma[4,2,3]      9449.51 
sigma[4,3,1]     -397.764 
sigma[4,3,3]     -397.764 
sigma[4,5,2]     -433.352 
sigma[4,5,3]     -433.352 
sigma[4,6,1]         -545 
sigma[4,6,2]         -545 
sigma[5,1,1]      -502.05 
sigma[5,1,3]      -502.05 
sigma[5,2,2]     -480.001 
sigma[5,2,3]      9449.51 
sigma[5,3,1]     -397.764 
sigma[5,3,3]     -397.764 
sigma[5,4,2]     -545.637 
sigma[5,4,3]     -545.637 
sigma[5,6,1]         -545 
sigma[5,6,2]         -545 
sigma[6,1,1]      -502.05 
sigma[6,1,3]      -502.05 
sigma[6,2,2]     -480.001 
sigma[6,2,3]      9449.51 
sigma[6,3,1]     -397.764 
sigma[6,3,3]     -397.764 
sigma[6,4,2]     -545.637 
sigma[6,4,3]     -545.637 
sigma[6,5,2]     -433.352 
sigma[6,5,3]     -433.352 
sigma[14,7,1]     -1052.05 
sigma[14,7,2]     -1052.05 
sigma[14,8,1]     -928.947 
sigma[14,8,3]     -928.947 
sigma[14,9,1]       9018.7 
sigma[14,9,2]     -945.298 
sigma[14,10,2]     -1095.64 
sigma[14,10,3]     -1095.64 
sigma[14,11,1]     -983.352 
sigma[14,11,3]     -983.352 
sigma[14,12,2]     -979.637 
sigma[14,12,3]     -979.637 
sigma[7,8,1]     -928.947 
sigma[7,8,3]     -928.947 
sigma[7,9,1]       9018.7 
sigma[7,9,2]     -945.298 
sigma[7,10,2]     -1095.64 
sigma[7,10,3]     -1095.64 
sigma[7,11,1]     -983.352 
sigma[7,11,3]     -983.352 
sigma[7,12,2]     -979.637 
sigma[7,12,3]     -979.637 
sigma[8,7,1]     -1052.05 
sigma[8,7,2]     -1052.05 
sigma[8,9,1]       9018.7 
sigma[8,9,2]     -945.298 
sigma[8,10,2]     -1095.64 
sigma[8,10,3]     -1095.64 
sigma[8,11,1]     -983.352 
sigma[8,11,3]     -983.352 
sigma[8,12,2]     -979.637 
sigma[8,12,3]     -979.637 
sigma[9,7,1]     -1052.05 
sigma[9,7,2]     -1052.05 
sigma[9,8,1]     -928.947 
sigma[9,8,3]     -928.947 
sigma[9,10,2]     -1095.64 
sigma[9,10,3]     -1095.64 
sigma[9,11,1]     -983.352 
sigma[9,11,3]     -983.352 
sigma[9,12,2]     -979.637 
sigma[9,12,3]     -979.637 
sigma[10,7,1]     -1052.05 
sigma[10,7,2]     -1052.05 
sigma[10,8,1]     -928.947 
sigma[10,8,3]     -928.947 
sigma[10,9,1]       9018.7 
sigma[10,9,2]     -945.298 
sigma[10,11,1]     -983.352 
sigma[10,11,3]     -983.352 
sigma[10,12,2]     -979.637 
sigma[10,12,3]     -979.637 
sigma[11,7,1]     -1052.05 
sigma[11,7,2]     -1052.05 
sigma[11,8,1]     -928.947 
sigma[11,8,3]     -928.947 
sigma[11,9,1]       9018.7 
sigma[11,9,2]     -945.298 
sigma[11,10,2]     -1095.64 
sigma[11,10,3]     -1095.64 
sigma[11,12,2]     -979.637 
sigma[11,12,3]     -979.637 
sigma[12,7,1]     -1052.05 
sigma[12,7,2]     -1052.05 
sigma[12,8,1]     -928.947 
sigma[12,8,3]     -928.947 
sigma[12,9,1]       9018.7 
sigma[12,9,2]     -945.298 
sigma[12,10,2]     -1095.64 
sigma[12,10,3]     -1095.64 
sigma[12,11,1]     -983.352 
sigma[12,11,3]     -983.352 
 p_active[1]       502.05 
 p_active[2]      480.001 
 p_active[3]      397.764 
 p_active[4]      545.637 
 p_active[5]      433.352 
 p_active[6]          545 
 p_active[7]      1052.05 
 p_active[8]      928.947 
 p_active[9]      945.298 
p_active[10]      1095.64 
p_active[11]      983.352 
p_active[12]      979.637 
vehiclecosts      1390.48 
route_duration_pickup[1]       184.09 
route_duration_pickup[2]       99.813 
route_duration_pickup[3]      106.543 
route_duration_delivery[1]      443.632 
route_duration_delivery[2]      187.087 
route_duration_delivery[3]       369.31 
2 optimal
Obj: 1390.48
x[0,3,2] 1
x[0,5,1] 1
x[0,6,3] 1
x[1,13,2] 1
x[4,13,1] 1
x[6,13,3] 1
x[2,4,1] 1
x[3,1,2] 1
x[5,2,1] 1
x[14,8,2] 1
x[14,9,3] 1
x[14,12,1] 1
x[7,15,3] 1
x[10,15,1] 1
x[11,15,2] 1
x[8,11,2] 1
x[9,7,3] 1
x[12,10,1] 1
w[1] 747.944
w[2] 738.68
w[3] 617.271
r[1] 550
r[2] 448.946
r[3] 547.534
r[4] 550
r[5] 550
r[6] 434.637
u[0,1] 360
u[0,2] 360
u[0,3] 360
u[1,1] 442
u[1,2] 502.05
u[1,3] 442
u[2,1] 480.001
u[2,2] 455
u[2,3] 455
u[3,1] 360
u[3,2] 397.764
u[3,3] 471
u[4,1] 530.49
u[4,2] 475
u[4,3] 475
u[5,1] 433.352
u[5,2] 546
u[5,3] 517.06
u[6,1] 545
u[6,2] 545
u[6,3] 545
u[7,1] 823
u[7,2] 823
u[7,3] 863.005
u[8,1] 852
u[8,2] 852
u[8,3] 972
u[9,1] 913
u[9,2] 793
u[9,3] 796.285
u[10,1] 1007
u[10,2] 1127
u[10,3] 1127
u[11,1] 949
u[11,2] 906.405
u[11,3] 829
u[12,1] 891
u[12,2] 891
u[12,3] 891
u[13,1] 715.68
u[13,2] 551.901
u[13,3] 598.271
u[14,1] 766.944
u[14,2] 761.68
u[14,3] 647.271
u[15,1] 1221.27
u[15,2] 1241.68
u[15,3] 1016.58
eta[1,2] 1
eta[2,1] 1
eta[3,2] 1
eta[5,1] 1
eta[6,3] 1
theta[1,3] 1
theta[2,2] 1
theta[3,3] 1
theta[5,2] 1
theta[6,1] 1
eta_k[1] 1
eta_k[2] 1
eta_k[3] 1
theta_k[1] 1
theta_k[2] 1
theta_k[3] 1
tau[1] 738.68
tau[2] 581.901
tau[3] 617.271
z[1] 581.901
z[2] 738.68
z[3] 581.901
z[4] 360
z[5] 738.68
z[6] 617.271
v[1,1] 10
v[1,2] 20
v[1,3] 10
v[2,1] 13
v[2,2] 20
v[2,3] 20
v[3,1] 10
v[3,2] 4
v[4,1] 17
v[4,2] 10
v[4,3] 10
v[5,1] 3
v[5,2] 20
v[5,3] 20
v[6,3] 9
v[7,1] 10
v[7,2] 10
v[8,2] 3
v[8,3] 10
v[9,2] 10
v[9,3] 16
v[10,2] 10
v[10,3] 10
v[11,1] 10
v[11,3] 10
v[12,1] 4
v[13,1] 17
v[13,2] 20
v[13,3] 9
v[14,1] 13
v[14,2] 13
v[14,3] 20
v[15,1] 10
v[15,2] 10
v[15,3] 10
g[1,2] 10
g[2,1] 3
g[2,2] 10
g[2,3] 10
g[4,1] 7
g[5,2] 10
g[5,3] 10
g[9,3] 6
g[13,1] 7
g[13,2] 10
g[14,1] 3
g[14,2] 3
g[14,3] 10
d[0,1] 1
d[0,2] 1
d[0,3] 1
d[1,1] 1
d[1,2] 2
d[1,3] 1
d[2,1] 1.3
d[2,2] 2
d[2,3] 2
d[3,1] 1
d[3,2] 1
d[3,3] 1
d[4,1] 1.7
d[4,2] 1
d[4,3] 1
d[5,1] 1
d[5,2] 2
d[5,3] 2
d[6,1] 1
d[6,2] 1
d[6,3] 1
d[7,1] 1
d[7,2] 1
d[7,3] 1
d[8,1] 1
d[8,2] 1
d[8,3] 1
d[9,1] 1
d[9,2] 1
d[9,3] 1.6
d[10,1] 1
d[10,2] 1
d[10,3] 1
d[11,1] 1
d[11,2] 1
d[11,3] 1
d[12,1] 1
d[12,2] 1
d[12,3] 1
d[13,1] 1.7
d[13,2] 2
d[13,3] 1
d[14,1] 1.3
d[14,2] 1.3
d[14,3] 2
d[15,1] 1
d[15,2] 1
d[15,3] 1
delta[0,1] 1
delta[0,2] 1
delta[0,3] 1
delta[3,1] 1
delta[3,2] 1
delta[3,3] 1
delta[4,2] 1
delta[4,3] 1
delta[5,1] 1
delta[6,1] 1
delta[6,2] 1
delta[6,3] 1
delta[7,1] 1
delta[7,2] 1
delta[7,3] 1
delta[8,1] 1
delta[8,2] 1
delta[8,3] 1
delta[9,1] 1
delta[9,2] 1
delta[10,1] 1
delta[10,2] 1
delta[11,2] 1
delta[11,3] 1
delta[12,1] 1
delta[12,2] 1
delta[12,3] 1
delta[13,3] 1
delta[15,1] 1
delta[15,2] 1
delta[15,3] 1
p[0,1] 360
p[0,2] 360
p[0,3] 360
p[1,2] 502.05
p[2,1] 480.001
p[2,3] 9929.51
p[3,2] 397.764
p[4,1] 545.637
p[5,1] 433.352
p[6,3] 545
p[7,3] 1052.05
p[8,2] 928.947
p[9,1] 9964
p[9,3] 945.298
p[10,1] 1095.64
p[11,2] 983.352
p[12,1] 979.637
p[13,1] 767.1
p[13,2] 601.752
p[13,3] 598.271
p[14,1] 818.364
p[14,2] 811.531
p[14,3] 647.271
p[15,1] 1309.91
p[15,2] 1318.63
p[15,3] 1205.63
s[0,1,1] 6
s[0,1,3] 6
s[0,3,3] 4
s[0,6,1] 9
s[0,6,2] 9
s[1,13,3] 1
s[2,13,3] 11
s[4,13,3] 1
s[5,13,3] 11
s[1,2,1] 7
s[1,2,2] 10
s[1,3,1] 4
s[1,3,2] 20
s[1,3,3] 14
s[1,4,2] 14
s[1,4,3] 4
s[1,5,1] 10
s[1,5,2] 3
s[1,6,1] 19
s[1,6,2] 29
s[1,6,3] 10
s[2,1,1] 19
s[2,1,2] 16
s[2,1,3] 26
s[2,3,1] 7
s[2,3,2] 20
s[2,3,3] 24
s[2,4,2] 14
s[2,4,3] 14
s[2,5,1] 13
s[2,5,2] 3
s[2,5,3] 3
s[2,6,1] 22
s[2,6,2] 29
s[2,6,3] 20
s[3,1,1] 16
s[3,1,3] 6
s[3,2,1] 7
s[3,5,1] 10
s[3,6,1] 19
s[3,6,2] 13
s[4,1,1] 23
s[4,1,2] 6
s[4,1,3] 16
s[4,2,1] 14
s[4,3,1] 11
s[4,3,2] 10
s[4,3,3] 14
s[4,5,1] 17
s[4,6,1] 26
s[4,6,2] 19
s[4,6,3] 10
s[5,1,1] 9
s[5,1,2] 16
s[5,1,3] 26
s[5,2,2] 10
s[5,2,3] 10
s[5,3,2] 20
s[5,3,3] 24
s[5,4,2] 14
s[5,4,3] 14
s[5,6,1] 12
s[5,6,2] 29
s[5,6,3] 20
s[6,1,1] 6
s[6,1,3] 15
s[6,3,3] 13
s[6,4,3] 3
s[14,7,3] 4
s[14,8,1] 3
s[14,9,1] 9
s[14,10,1] 9
s[14,10,3] 6
s[14,11,2] 10
s[14,11,3] 7
s[14,12,2] 4
s[14,12,3] 11
s[7,9,1] 6
s[7,10,1] 6
s[7,11,2] 7
s[7,12,2] 1
s[8,12,3] 1
s[9,10,3] 2
s[9,11,2] 7
s[9,11,3] 3
s[9,12,2] 1
s[9,12,3] 7
s[10,11,2] 7
s[10,12,2] 1
s[10,12,3] 1
s[11,9,1] 6
s[11,10,1] 6
s[11,12,3] 1
s_tilde[0,1,1] 442
s_tilde[0,1,3] 442
s_tilde[0,2,2] 455
s_tilde[0,3,1] 360
s_tilde[0,3,3] 471
s_tilde[0,4,2] 475
s_tilde[0,4,3] 475
s_tilde[0,5,2] 546
s_tilde[0,5,3] 517.06
s_tilde[0,6,1] 545
s_tilde[0,6,2] 545
s_tilde[2,13,3] 9542.23
s_tilde[1,2,2] 488.689
s_tilde[1,3,2] 12.1982
s_tilde[1,3,3] 29
s_tilde[1,4,2] 537.735
s_tilde[1,4,3] 33
s_tilde[1,5,2] 579.936
s_tilde[1,5,3] 75.0595
s_tilde[1,6,1] 103
s_tilde[1,6,2] 548.459
s_tilde[2,1,1] 452.107
s_tilde[2,1,3] 9950.2
s_tilde[2,3,1] 372.039
s_tilde[2,3,3] 9985.64
s_tilde[2,4,2] 70.4893
s_tilde[2,4,3] 10000
s_tilde[2,5,1] 2.52893
s_tilde[2,5,2] 99.4298
s_tilde[2,5,3] 10000
s_tilde[2,6,1] 554.704
s_tilde[2,6,2] 122.346
s_tilde[2,6,3] 9506.86
s_tilde[3,1,1] 82
s_tilde[3,2,2] 455
s_tilde[3,4,2] 475
s_tilde[3,4,3] 4
s_tilde[3,5,2] 546
s_tilde[3,5,3] 46.0595
s_tilde[3,6,1] 185
s_tilde[3,6,2] 545
s_tilde[4,1,1] 501.062
s_tilde[4,2,1] 50.4893
s_tilde[4,3,1] 415.482
s_tilde[4,5,1] 56.3889
s_tilde[4,5,2] 71
s_tilde[4,5,3] 42.0595
s_tilde[4,6,1] 605.241
s_tilde[4,6,2] 70
s_tilde[5,1,1] 442
s_tilde[5,3,1] 360
s_tilde[5,4,3] 16.8578
s_tilde[5,6,1] 545
s_tilde[5,6,2] 30.8279
s_tilde[6,1,3] 442
s_tilde[6,3,3] 471
s_tilde[6,4,3] 475
s_tilde[6,5,2] 1
s_tilde[6,5,3] 517.06
s_tilde[14,7,1] 920.493
s_tilde[14,7,2] 918.924
s_tilde[14,8,1] 930.516
s_tilde[14,8,3] 1062.32
s_tilde[14,9,2] 887.555
s_tilde[14,10,1] 27.0638
s_tilde[14,10,2] 1241.13
s_tilde[14,10,3] 1341.27
s_tilde[14,11,1] 1028.43
s_tilde[14,11,2] 0.917332
s_tilde[14,11,3] 922.378
s_tilde[14,12,2] 978.068
s_tilde[14,12,3] 1015.06
s_tilde[9,15,1] 8962.36
s_tilde[9,15,3] 49.3761
s_tilde[7,8,1] 29
s_tilde[7,8,3] 1161.05
s_tilde[7,9,3] 40.0319
s_tilde[7,10,2] 304
s_tilde[7,10,3] 1316.05
s_tilde[7,11,1] 126
s_tilde[7,11,3] 1018.05
s_tilde[7,12,2] 68
s_tilde[7,12,3] 1080.05
s_tilde[8,7,2] 899.947
s_tilde[8,9,2] 869.947
s_tilde[8,10,2] 1203.95
s_tilde[8,10,3] 155
s_tilde[8,11,1] 97
s_tilde[8,12,2] 967.947
s_tilde[9,7,1] 9874
s_tilde[9,7,2] 30
s_tilde[9,8,1] 9903
s_tilde[9,8,3] 1157.5
s_tilde[9,10,1] 8962.36
s_tilde[9,10,2] 334
s_tilde[9,10,3] 1348.42
s_tilde[9,11,1] 10000
s_tilde[9,11,3] 1012.48
s_tilde[9,12,1] 8962.36
s_tilde[9,12,2] 98
s_tilde[9,12,3] 1064.71
s_tilde[10,7,1] 911.637
s_tilde[10,8,1] 940.637
s_tilde[10,11,1] 1037.64
s_tilde[11,7,2] 899.947
s_tilde[11,8,3] 143
s_tilde[11,9,2] 869.947
s_tilde[11,10,2] 1203.95
s_tilde[11,10,3] 298
s_tilde[11,12,2] 967.947
s_tilde[11,12,3] 62
s_tilde[12,7,1] 911.637
s_tilde[12,8,1] 940.637
s_tilde[12,8,3] 81
s_tilde[12,10,2] 236
s_tilde[12,10,3] 236
s_tilde[12,11,1] 1037.64
sigma[0,2,3] 9449.51
sigma[1,2,3] 9449.51
sigma[3,2,3] 9449.51
sigma[4,2,3] 9449.51
sigma[5,2,3] 9449.51
sigma[6,2,3] 9449.51
sigma[14,9,1] 9018.7
sigma[7,9,1] 9018.7
sigma[8,9,1] 9018.7
sigma[10,9,1] 9018.7
sigma[11,9,1] 9018.7
sigma[12,9,1] 9018.7
p_active[1] 502.05
p_active[2] 480.001
p_active[3] 397.764
p_active[4] 545.637
p_active[5] 433.352
p_active[6] 545
p_active[7] 1052.05
p_active[8] 928.947
p_active[9] 945.298
p_active[10] 1095.64
p_active[11] 983.352
p_active[12] 979.637
vehiclecosts 1390.48
route_duration_pickup[1] 184.09
route_duration_pickup[2] 99.813
route_duration_pickup[3] 106.543
route_duration_delivery[1] 443.632
route_duration_delivery[2] 187.087
route_duration_delivery[3] 369.31
vehicle 1 pick-up route [0, 5, 2, 4, 13]
vehicle 2 pick-up route [0, 3, 1, 13]
vehicle 3 pick-up route [0, 6, 13]
vehicle 1 delivery route [14, 12, 10, 15]
vehicle 2 delivery route [14, 8, 11, 15]
vehicle 3 delivery route [14, 9, 7, 15]

Process finished with exit code 0
