C:\Users\gkiotsalitisk\AppData\Local\Programs\Python\Python37\python.exe "C:/Users/gkiotsalitisk/Desktop/Files/Directories/PAPERS Utwente/Submitted/2021_Amalia/code_v4reform_conditionals.py"
[  5  20   6  22  60  10   1   2 480 550   0   0]
rho 0.5 gamma 0.1
5 2 20 {1: 480, 2: 480} 10 1
[[      0  677908 6150220  677908 6150220       0]
 [      1  538181 6086484  720415 6176264      16]
 [      2  588257 6139249  711815 6208837      10]
 [      3  528913 6152557  710831 6168718       4]
 [      4  500074 6269745  662179 6199594       4]
 [      5  585053 6140355  720134 6210199       3]] [[ 823  943  442  562]
 [ 852  972  455  575]
 [ 793  913  360  471]
 [1007 1127  475  595]
 [ 829  949  426  546]] length 5
{1: 720415, 2: 711815, 3: 710831, 4: 662179, 5: 720134, 6: 538181, 7: 588257, 8: 528913, 9: 500074, 10: 585053, 0: 677908, 11: 677908, 12: 677908, 13: 677908}
{1: 6176264, 2: 6208837, 3: 6168718, 4: 6199594, 5: 6210199, 6: 6086484, 7: 6139249, 8: 6152557, 9: 6269745, 10: 6140355, 0: 6150220, 11: 6150220, 12: 6150220, 13: 6150220}
{1: 16, 2: 10, 3: 4, 4: 4, 5: 3, 6: 16, 7: 10, 8: 4, 9: 4, 10: 3, 0: 0, 11: 0, 12: 0, 13: 0}
e_bound {1: 442, 2: 455, 3: 360, 4: 475, 5: 426, 6: 823, 7: 852, 8: 793, 9: 1007, 10: 829, 0: 360, 11: 360, 12: 360, 13: 360}
{1: 562, 2: 575, 3: 471, 4: 595, 5: 546, 6: 943, 7: 972, 8: 913, 9: 1127, 10: 949, 0: 1320, 11: 1320, 12: 1320, 13: 1320}
{(0, 0): 0.0, (0, 1): 49.85112822193696, (0, 2): 67.71733410287206, (0, 3): 37.763738334545216, (0, 4): 51.81885098108603, (0, 5): 73.35199736203506, (0, 6): 153.57705631050493, (0, 7): 90.31979097628604, (0, 8): 149.01332690065007, (0, 9): 214.26888990471764, (0, 10): 93.37756288316804, (0, 11): 0.0, (0, 12): 0.0, (0, 13): 0.0, (1, 0): 49.85112822193696, (1, 1): 0.0, (1, 2): 33.689172281313176, (1, 3): 12.198162648530312, (1, 4): 62.73532175736409, (1, 5): 33.9361633954105, (1, 6): 203.14940107221582, (1, 7): 137.24375100163942, (1, 8): 192.9638252445261, (1, 9): 239.35090065007066, (1, 10): 140.04401924038027, (1, 11): 49.85112822193696, (1, 12): 49.85112822193696, (1, 13): 49.85112822193696, (2, 0): 67.71733410287206, (2, 1): 33.689172281313176, (2, 2): 0.0, (2, 3): 40.13106548548144, (2, 4): 50.48926168008401, (2, 5): 8.429757113938694, (2, 6): 212.41238797443054, (2, 7): 141.8064494584079, (2, 8): 191.36504384030016, (2, 9): 220.32711032689556, (2, 10): 144.07771849942657, (2, 11): 67.71733410287206, (2, 12): 67.71733410287206, (2, 13): 67.71733410287206, (3, 0): 37.763738334545216, (3, 1): 12.198162648530312, (3, 2): 40.13106548548144, (3, 3): 0.0, (3, 4): 57.622430354854004, (3, 5): 42.5114004709325, (3, 6): 191.23402745327516, (3, 7): 126.0666785356067, (3, 8): 182.6344344448768, (3, 9): 233.7198489174593, (3, 10): 128.9362829191225, (3, 11): 37.763738334545216, (3, 12): 37.763738334545216, (3, 13): 37.763738334545216, (4, 0): 51.81885098108603, (4, 1): 62.73532175736409, (4, 2): 50.48926168008401, (4, 3): 57.622430354854004, (4, 4): 0.0, (4, 5): 58.91729839359574, (4, 6): 167.83735014590764, (4, 7): 95.42526452150919, (4, 8): 141.32340968501998, (4, 9): 176.63293528105115, (4, 10): 97.25059895445375, (4, 11): 51.81885098108603, (4, 12): 51.81885098108603, (4, 13): 51.81885098108603, (5, 0): 73.35199736203506, (5, 1): 33.9361633954105, (5, 2): 8.429757113938694, (5, 3): 42.5114004709325, (5, 4): 58.91729839359574, (5, 5): 0.0, (5, 6): 220.02794239368782, (5, 7): 149.75127922325072, (5, 8): 199.71998148658037, (5, 9): 227.97396718923852, (5, 10): 152.06926348542626, (5, 11): 73.35199736203506, (5, 12): 73.35199736203506, (5, 13): 73.35199736203506, (6, 0): 153.57705631050493, (6, 1): 203.14940107221582, (6, 2): 212.41238797443054, (6, 3): 191.23402745327516, (6, 4): 167.83735014590764, (6, 5): 220.02794239368782, (6, 6): 0.0, (6, 7): 72.74442247347902, (6, 8): 66.71984077469011, (6, 9): 187.1810288731206, (6, 10): 71.4077658591837, (6, 11): 153.57705631050493, (6, 12): 153.57705631050493, (6, 13): 153.57705631050493, (7, 0): 90.31979097628604, (7, 1): 137.24375100163942, (7, 2): 141.8064494584079, (7, 3): 126.0666785356067, (7, 4): 95.42526452150919, (7, 5): 149.75127922325072, (7, 6): 72.74442247347902, (7, 7): 0.0, (7, 8): 60.81786908466952, (7, 9): 157.497452376221, (7, 10): 3.389520910099243, (7, 11): 90.31979097628604, (7, 12): 90.31979097628604, (7, 13): 90.31979097628604, (8, 0): 149.01332690065007, (8, 1): 192.9638252445261, (8, 2): 191.36504384030016, (8, 3): 182.6344344448768, (8, 4): 141.32340968501998, (8, 5): 199.71998148658037, (8, 6): 66.71984077469011, (8, 7): 60.81786908466952, (8, 8): 0.0, (8, 9): 120.6843621394255, (8, 10): 57.45074763656257, (8, 11): 149.01332690065007, (8, 12): 149.01332690065007, (8, 13): 149.01332690065007, (9, 0): 214.26888990471764, (9, 1): 239.35090065007066, (9, 2): 220.32711032689556, (9, 3): 233.7198489174593, (9, 4): 176.63293528105115, (9, 5): 227.97396718923852, (9, 6): 187.1810288731206, (9, 7): 157.497452376221, (9, 8): 120.6843621394255, (9, 9): 0.0, (9, 10): 154.80052500233973, (9, 11): 214.26888990471764, (9, 12): 214.26888990471764, (9, 13): 214.26888990471764, (10, 0): 93.37756288316804, (10, 1): 140.04401924038027, (10, 2): 144.07771849942657, (10, 3): 128.9362829191225, (10, 4): 97.25059895445375, (10, 5): 152.06926348542626, (10, 6): 71.4077658591837, (10, 7): 3.389520910099243, (10, 8): 57.45074763656257, (10, 9): 154.80052500233973, (10, 10): 0.0, (10, 11): 93.37756288316804, (10, 12): 93.37756288316804, (10, 13): 93.37756288316804, (11, 0): 0.0, (11, 1): 49.85112822193696, (11, 2): 67.71733410287206, (11, 3): 37.763738334545216, (11, 4): 51.81885098108603, (11, 5): 73.35199736203506, (11, 6): 153.57705631050493, (11, 7): 90.31979097628604, (11, 8): 149.01332690065007, (11, 9): 214.26888990471764, (11, 10): 93.37756288316804, (11, 11): 0.0, (11, 12): 0.0, (11, 13): 0.0, (12, 0): 0.0, (12, 1): 49.85112822193696, (12, 2): 67.71733410287206, (12, 3): 37.763738334545216, (12, 4): 51.81885098108603, (12, 5): 73.35199736203506, (12, 6): 153.57705631050493, (12, 7): 90.31979097628604, (12, 8): 149.01332690065007, (12, 9): 214.26888990471764, (12, 10): 93.37756288316804, (12, 11): 0.0, (12, 12): 0.0, (12, 13): 0.0, (13, 0): 0.0, (13, 1): 49.85112822193696, (13, 2): 67.71733410287206, (13, 3): 37.763738334545216, (13, 4): 51.81885098108603, (13, 5): 73.35199736203506, (13, 6): 153.57705631050493, (13, 7): 90.31979097628604, (13, 8): 149.01332690065007, (13, 9): 214.26888990471764, (13, 10): 93.37756288316804, (13, 11): 0.0, (13, 12): 0.0, (13, 13): 0.0} {(0, 0): 0.0, (0, 1): 49.85112822193696, (0, 2): 67.71733410287206, (0, 3): 37.763738334545216, (0, 4): 51.81885098108603, (0, 5): 73.35199736203506, (0, 6): 153.57705631050493, (0, 7): 90.31979097628604, (0, 8): 149.01332690065007, (0, 9): 214.26888990471764, (0, 10): 93.37756288316804, (0, 11): 0.0, (0, 12): 0.0, (0, 13): 0.0, (1, 0): 49.85112822193696, (1, 1): 0.0, (1, 2): 33.689172281313176, (1, 3): 12.198162648530312, (1, 4): 62.73532175736409, (1, 5): 33.9361633954105, (1, 6): 203.14940107221582, (1, 7): 137.24375100163942, (1, 8): 192.9638252445261, (1, 9): 239.35090065007066, (1, 10): 140.04401924038027, (1, 11): 49.85112822193696, (1, 12): 49.85112822193696, (1, 13): 49.85112822193696, (2, 0): 67.71733410287206, (2, 1): 33.689172281313176, (2, 2): 0.0, (2, 3): 40.13106548548144, (2, 4): 50.48926168008401, (2, 5): 8.429757113938694, (2, 6): 212.41238797443054, (2, 7): 141.8064494584079, (2, 8): 191.36504384030016, (2, 9): 220.32711032689556, (2, 10): 144.07771849942657, (2, 11): 67.71733410287206, (2, 12): 67.71733410287206, (2, 13): 67.71733410287206, (3, 0): 37.763738334545216, (3, 1): 12.198162648530312, (3, 2): 40.13106548548144, (3, 3): 0.0, (3, 4): 57.622430354854004, (3, 5): 42.5114004709325, (3, 6): 191.23402745327516, (3, 7): 126.0666785356067, (3, 8): 182.6344344448768, (3, 9): 233.7198489174593, (3, 10): 128.9362829191225, (3, 11): 37.763738334545216, (3, 12): 37.763738334545216, (3, 13): 37.763738334545216, (4, 0): 51.81885098108603, (4, 1): 62.73532175736409, (4, 2): 50.48926168008401, (4, 3): 57.622430354854004, (4, 4): 0.0, (4, 5): 58.91729839359574, (4, 6): 167.83735014590764, (4, 7): 95.42526452150919, (4, 8): 141.32340968501998, (4, 9): 176.63293528105115, (4, 10): 97.25059895445375, (4, 11): 51.81885098108603, (4, 12): 51.81885098108603, (4, 13): 51.81885098108603, (5, 0): 73.35199736203506, (5, 1): 33.9361633954105, (5, 2): 8.429757113938694, (5, 3): 42.5114004709325, (5, 4): 58.91729839359574, (5, 5): 0.0, (5, 6): 220.02794239368782, (5, 7): 149.75127922325072, (5, 8): 199.71998148658037, (5, 9): 227.97396718923852, (5, 10): 152.06926348542626, (5, 11): 73.35199736203506, (5, 12): 73.35199736203506, (5, 13): 73.35199736203506, (6, 0): 153.57705631050493, (6, 1): 203.14940107221582, (6, 2): 212.41238797443054, (6, 3): 191.23402745327516, (6, 4): 167.83735014590764, (6, 5): 220.02794239368782, (6, 6): 0.0, (6, 7): 72.74442247347902, (6, 8): 66.71984077469011, (6, 9): 187.1810288731206, (6, 10): 71.4077658591837, (6, 11): 153.57705631050493, (6, 12): 153.57705631050493, (6, 13): 153.57705631050493, (7, 0): 90.31979097628604, (7, 1): 137.24375100163942, (7, 2): 141.8064494584079, (7, 3): 126.0666785356067, (7, 4): 95.42526452150919, (7, 5): 149.75127922325072, (7, 6): 72.74442247347902, (7, 7): 0.0, (7, 8): 60.81786908466952, (7, 9): 157.497452376221, (7, 10): 3.389520910099243, (7, 11): 90.31979097628604, (7, 12): 90.31979097628604, (7, 13): 90.31979097628604, (8, 0): 149.01332690065007, (8, 1): 192.9638252445261, (8, 2): 191.36504384030016, (8, 3): 182.6344344448768, (8, 4): 141.32340968501998, (8, 5): 199.71998148658037, (8, 6): 66.71984077469011, (8, 7): 60.81786908466952, (8, 8): 0.0, (8, 9): 120.6843621394255, (8, 10): 57.45074763656257, (8, 11): 149.01332690065007, (8, 12): 149.01332690065007, (8, 13): 149.01332690065007, (9, 0): 214.26888990471764, (9, 1): 239.35090065007066, (9, 2): 220.32711032689556, (9, 3): 233.7198489174593, (9, 4): 176.63293528105115, (9, 5): 227.97396718923852, (9, 6): 187.1810288731206, (9, 7): 157.497452376221, (9, 8): 120.6843621394255, (9, 9): 0.0, (9, 10): 154.80052500233973, (9, 11): 214.26888990471764, (9, 12): 214.26888990471764, (9, 13): 214.26888990471764, (10, 0): 93.37756288316804, (10, 1): 140.04401924038027, (10, 2): 144.07771849942657, (10, 3): 128.9362829191225, (10, 4): 97.25059895445375, (10, 5): 152.06926348542626, (10, 6): 71.4077658591837, (10, 7): 3.389520910099243, (10, 8): 57.45074763656257, (10, 9): 154.80052500233973, (10, 10): 0.0, (10, 11): 93.37756288316804, (10, 12): 93.37756288316804, (10, 13): 93.37756288316804, (11, 0): 0.0, (11, 1): 49.85112822193696, (11, 2): 67.71733410287206, (11, 3): 37.763738334545216, (11, 4): 51.81885098108603, (11, 5): 73.35199736203506, (11, 6): 153.57705631050493, (11, 7): 90.31979097628604, (11, 8): 149.01332690065007, (11, 9): 214.26888990471764, (11, 10): 93.37756288316804, (11, 11): 0.0, (11, 12): 0.0, (11, 13): 0.0, (12, 0): 0.0, (12, 1): 49.85112822193696, (12, 2): 67.71733410287206, (12, 3): 37.763738334545216, (12, 4): 51.81885098108603, (12, 5): 73.35199736203506, (12, 6): 153.57705631050493, (12, 7): 90.31979097628604, (12, 8): 149.01332690065007, (12, 9): 214.26888990471764, (12, 10): 93.37756288316804, (12, 11): 0.0, (12, 12): 0.0, (12, 13): 0.0, (13, 0): 0.0, (13, 1): 49.85112822193696, (13, 2): 67.71733410287206, (13, 3): 37.763738334545216, (13, 4): 51.81885098108603, (13, 5): 73.35199736203506, (13, 6): 153.57705631050493, (13, 7): 90.31979097628604, (13, 8): 149.01332690065007, (13, 9): 214.26888990471764, (13, 10): 93.37756288316804, (13, 11): 0.0, (13, 12): 0.0, (13, 13): 0.0}
P [1, 2, 3, 4, 5]
D [6, 7, 8, 9, 10]
V [0, 1, 2, 3, 4, 5, 6, 7, 8, 9, 10, 11, 12, 13]
PcupD [1, 2, 3, 4, 5, 6, 7, 8, 9, 10]
A [(0, 1), (0, 2), (0, 3), (0, 4), (0, 5), (1, 11), (2, 11), (3, 11), (4, 11), (5, 11), (1, 2), (1, 3), (1, 4), (1, 5), (2, 1), (2, 3), (2, 4), (2, 5), (3, 1), (3, 2), (3, 4), (3, 5), (4, 1), (4, 2), (4, 3), (4, 5), (5, 1), (5, 2), (5, 3), (5, 4), (12, 6), (12, 7), (12, 8), (12, 9), (12, 10), (6, 13), (7, 13), (8, 13), (9, 13), (10, 13), (6, 7), (6, 8), (6, 9), (6, 10), (7, 6), (7, 8), (7, 9), (7, 10), (8, 6), (8, 7), (8, 9), (8, 10), (9, 6), (9, 7), (9, 8), (9, 10), (10, 6), (10, 7), (10, 8), (10, 9)]
active_t [[  0.          49.85112822  67.7173341   37.76373833  51.81885098
   73.35199736   0.           0.           0.           0.
    0.           0.           0.           0.        ]
 [  0.           0.          33.68917228  12.19816265  62.73532176
   33.9361634    0.           0.           0.           0.
    0.          49.85112822   0.           0.        ]
 [  0.          33.68917228   0.          40.13106549  50.48926168
    8.42975711   0.           0.           0.           0.
    0.          67.7173341    0.           0.        ]
 [  0.          12.19816265  40.13106549   0.          57.62243035
   42.51140047   0.           0.           0.           0.
    0.          37.76373833   0.           0.        ]
 [  0.          62.73532176  50.48926168  57.62243035   0.
   58.91729839   0.           0.           0.           0.
    0.          51.81885098   0.           0.        ]
 [  0.          33.9361634    8.42975711  42.51140047  58.91729839
    0.           0.           0.           0.           0.
    0.          73.35199736   0.           0.        ]
 [  0.           0.           0.           0.           0.
    0.           0.          72.74442247  66.71984077 187.18102887
   71.40776586   0.           0.         153.57705631]
 [  0.           0.           0.           0.           0.
    0.          72.74442247   0.          60.81786908 157.49745238
    3.38952091   0.           0.          90.31979098]
 [  0.           0.           0.           0.           0.
    0.          66.71984077  60.81786908   0.         120.68436214
   57.45074764   0.           0.         149.0133269 ]
 [  0.           0.           0.           0.           0.
    0.         187.18102887 157.49745238 120.68436214   0.
  154.800525     0.           0.         214.2688899 ]
 [  0.           0.           0.           0.           0.
    0.          71.40776586   3.38952091  57.45074764 154.800525
    0.           0.           0.          93.37756288]
 [  0.           0.           0.           0.           0.
    0.           0.           0.           0.           0.
    0.           0.           0.           0.        ]
 [  0.           0.           0.           0.           0.
    0.         153.57705631  90.31979098 149.0133269  214.2688899
   93.37756288   0.           0.           0.        ]
 [  0.           0.           0.           0.           0.
    0.           0.           0.           0.           0.
    0.           0.           0.           0.        ]]
Using license file C:\Users\gkiotsalitisk\gurobi.lic
Academic license - for non-commercial use only
q {1: 16, 2: 10, 3: 4, 4: 4, 5: 3, 6: 16, 7: 10, 8: 4, 9: 4, 10: 3, 0: 0, 11: 0, 12: 0, 13: 0}
Changed value of parameter NodefileStart to 0.5
   Prev: inf  Min: 0.0  Max: inf  Default: inf
Gurobi Optimizer version 9.0.3 build v9.0.3rc0 (win64)
Optimize a model with 1536 rows, 714 columns and 4644 nonzeros
Model fingerprint: 0xc5e3230c
Variable types: 542 continuous, 172 integer (172 binary)
Coefficient statistics:
  Matrix range     [1e-04, 1e+04]
  Objective range  [3e+00, 2e+02]
  Bounds range     [1e+00, 1e+00]
  RHS range        [1e+00, 1e+04]
Presolve removed 726 rows and 351 columns
Presolve time: 0.03s
Presolved: 810 rows, 363 columns, 3201 nonzeros
Variable types: 258 continuous, 105 integer (105 binary)

Root relaxation: objective 1.052399e+03, 147 iterations, 0.00 seconds

    Nodes    |    Current Node    |     Objective Bounds      |     Work
 Expl Unexpl |  Obj  Depth IntInf | Incumbent    BestBd   Gap | It/Node Time

     0     0 1052.39920    0   34          - 1052.39920      -     -    0s
     0     0 1095.77181    0   47          - 1095.77181      -     -    0s
     0     0 1095.77181    0   46          - 1095.77181      -     -    0s
     0     0 1102.14159    0   35          - 1102.14159      -     -    0s
     0     0 1102.14159    0   34          - 1102.14159      -     -    0s
     0     0 1102.14159    0   31          - 1102.14159      -     -    0s
     0     0 1102.14159    0   33          - 1102.14159      -     -    0s
     0     0 1102.14159    0   19          - 1102.14159      -     -    0s
     0     0 1102.14159    0   20          - 1102.14159      -     -    0s
     0     0 1102.43450    0   40          - 1102.43450      -     -    0s
     0     0 1102.76496    0   43          - 1102.76496      -     -    0s
     0     0 1102.76496    0   43          - 1102.76496      -     -    0s
     0     0 1104.01171    0   34          - 1104.01171      -     -    0s
     0     0 1104.01171    0   35          - 1104.01171      -     -    0s
     0     0 1104.01171    0   38          - 1104.01171      -     -    0s
     0     0 1104.01171    0   37          - 1104.01171      -     -    0s
     0     0 1104.01171    0   37          - 1104.01171      -     -    0s
     0     0 1104.01171    0   38          - 1104.01171      -     -    0s
H    0     0                    1118.7852206 1104.01171  1.32%     -    0s
     0     0 1112.23408    0   32 1118.78522 1112.23408  0.59%     -    0s
     0     0 1115.99185    0   32 1118.78522 1115.99185  0.25%     -    0s
     0     2 1115.99185    0   32 1118.78522 1115.99185  0.25%     -    0s
H   38    10                    1115.9918471 1115.99185  0.00%  25.0    0s

Cutting planes:
  Gomory: 1
  Cover: 1
  Implied bound: 12
  Clique: 4
  MIR: 18
  Zero half: 7
  RLT: 4
  Relax-and-lift: 6

Explored 39 nodes (2243 simplex iterations) in 0.39 seconds
Thread count was 8 (of 8 available processors)

Solution count 2: 1115.99 1118.79 

Optimal solution found (tolerance 1.00e-04)
Best objective 1.115991847121e+03, best bound 1.115991847121e+03, gap 0.0000%

    Variable            X 
-------------------------
    x[0,3,1]            1 
    x[0,5,2]            1 
   x[1,11,1]            1 
   x[4,11,2]            1 
    x[2,4,2]            1 
    x[3,1,1]            1 
    x[5,2,2]            1 
   x[12,7,2]            1 
   x[12,8,1]            1 
   x[6,13,1]            1 
   x[9,13,2]            1 
   x[7,10,2]            1 
    x[8,6,1]            1 
   x[10,9,2]            1 
        w[1]      643.987 
        w[2]       761.68 
        r[1]          550 
        r[2]      457.446 
        r[3]          550 
        r[4]          550 
        r[5]      469.265 
      u[0,1]          360 
      u[0,2]          360 
      u[1,1]      548.616 
      u[1,2]          562 
      u[2,1]          575 
      u[2,2]      509.198 
      u[3,1]      441.864 
      u[3,2]          360 
      u[4,1]          475 
      u[4,2]      559.687 
      u[5,1]          546 
      u[5,2]      500.768 
      u[6,1]       859.72 
      u[6,2]          823 
      u[7,1]          852 
      u[7,2]          852 
      u[8,1]          793 
      u[8,2]          793 
      u[9,1]         1007 
      u[9,2]      1010.19 
     u[10,1]          949 
     u[10,2]       855.39 
     u[11,1]      643.987 
     u[11,2]      611.506 
     u[12,1]      643.987 
     u[12,2]       761.68 
     u[13,1]       1013.3 
     u[13,2]      1224.46 
      tau[1]      643.987 
      tau[2]      611.506 
        z[1]          360 
        z[2]          360 
        z[3]          360 
        z[4]          360 
        z[5]          360 
      v[1,1]           20 
      v[1,2]           10 
      v[2,1]           20 
      v[2,2]           13 
      v[3,1]            4 
      v[3,2]           10 
      v[4,2]           17 
      v[5,1]           10 
      v[5,2]            3 
      v[7,2]            7 
      v[8,1]           16 
      v[8,2]           10 
      v[9,1]           10 
     v[10,1]           10 
     v[10,2]            4 
     v[11,1]           20 
     v[11,2]           17 
     v[12,1]           20 
     v[12,2]           17 
     v[13,1]           10 
     v[13,2]           10 
      g[1,1]           10 
      g[2,1]           10 
      g[2,2]            3 
      g[4,2]            7 
      g[8,1]            6 
     g[11,1]           10 
     g[11,2]            7 
     g[12,1]           10 
     g[12,2]            7 
      d[0,1]            1 
      d[0,2]            1 
      d[1,1]            2 
      d[1,2]            1 
      d[2,1]            2 
      d[2,2]          1.3 
      d[3,1]            1 
      d[3,2]            1 
      d[4,1]            1 
      d[4,2]          1.7 
      d[5,1]            1 
      d[5,2]            1 
      d[6,1]            1 
      d[6,2]            1 
      d[7,1]            1 
      d[7,2]            1 
      d[8,1]          1.6 
      d[8,2]            1 
      d[9,1]            1 
      d[9,2]            1 
     d[10,1]            1 
     d[10,2]            1 
     d[11,1]            2 
     d[11,2]          1.7 
     d[12,1]            2 
     d[12,2]          1.7 
     d[13,1]            1 
     d[13,2]            1 
  delta[0,1]            1 
  delta[0,2]            1 
  delta[3,1]            1 
  delta[3,2]            1 
  delta[4,1]            1 
  delta[5,2]            1 
  delta[6,1]            1 
  delta[6,2]            1 
  delta[7,1]            1 
  delta[7,2]            1 
  delta[8,2]            1 
  delta[9,1]            1 
  delta[9,2]            1 
 delta[10,1]            1 
 delta[10,2]            1 
 delta[13,1]            1 
 delta[13,2]            1 
      p[0,1]          360 
      p[0,2]          360 
      p[1,1]      548.616 
      p[2,1]      10049.5 
      p[2,2]      509.198 
      p[3,1]      441.864 
      p[4,2]      574.834 
      p[5,1]      28.9405 
      p[5,2]      500.768 
      p[6,1]      1098.62 
      p[7,2]      966.644 
      p[8,1]      991.864 
      p[9,2]      1124.83 
     p[10,2]      970.033 
     p[11,1]      693.838 
     p[11,2]      662.926 
     p[12,1]      693.838 
     p[12,2]        813.1 
     p[13,1]      1252.19 
     p[13,2]       1339.1 
    s[0,1,1]           -4 
    s[0,1,2]            6 
    s[0,2,1]          -10 
    s[0,2,2]           -3 
    s[0,3,2]           -6 
    s[0,4,1]            4 
    s[0,4,2]          -13 
    s[0,5,1]           -7 
   s[1,11,2]           -7 
   s[2,11,2]           -4 
   s[3,11,1]          -16 
   s[3,11,2]           -7 
   s[4,11,1]          -20 
   s[5,11,1]          -10 
   s[5,11,2]          -14 
    s[1,2,1]           10 
    s[1,2,2]            7 
    s[1,3,1]           20 
    s[1,3,2]            4 
    s[1,4,1]           24 
    s[1,4,2]           -3 
    s[1,5,1]           13 
    s[1,5,2]           10 
    s[2,1,1]           16 
    s[2,1,2]           19 
    s[2,3,1]           20 
    s[2,3,2]            7 
    s[2,4,1]           24 
    s[2,5,1]           13 
    s[2,5,2]           13 
    s[3,1,2]           16 
    s[3,2,1]           -6 
    s[3,2,2]            7 
    s[3,4,1]            8 
    s[3,4,2]           -3 
    s[3,5,1]           -3 
    s[3,5,2]           10 
    s[4,1,1]           -4 
    s[4,1,2]           23 
    s[4,2,1]          -10 
    s[4,2,2]           14 
    s[4,3,2]           11 
    s[4,5,1]           -7 
    s[4,5,2]           17 
    s[5,1,1]            6 
    s[5,1,2]            9 
    s[5,3,1]           10 
    s[5,3,2]           -3 
    s[5,4,1]           14 
    s[5,4,2]          -10 
   s[12,6,1]            4 
   s[12,6,2]            1 
   s[12,7,1]           10 
   s[12,8,2]            3 
   s[12,9,1]            6 
   s[12,9,2]           13 
  s[12,10,1]            7 
  s[12,10,2]           10 
    s[6,7,1]          -10 
    s[6,7,2]          -17 
    s[6,8,1]          -20 
    s[6,8,2]          -14 
    s[6,9,1]          -14 
    s[6,9,2]           -4 
   s[6,10,1]          -13 
   s[6,10,2]           -7 
    s[7,6,1]          -16 
    s[7,6,2]           -9 
    s[7,8,1]          -20 
    s[7,8,2]           -7 
    s[7,9,1]          -14 
    s[7,9,2]            3 
   s[7,10,1]          -13 
    s[8,6,2]           -6 
    s[8,7,1]            6 
    s[8,7,2]           -7 
    s[8,9,1]            2 
    s[8,9,2]            6 
   s[8,10,1]            3 
   s[8,10,2]            3 
    s[9,6,1]           -6 
    s[9,6,2]          -16 
    s[9,7,2]          -17 
    s[9,8,1]          -10 
    s[9,8,2]          -14 
   s[9,10,1]           -3 
   s[9,10,2]           -7 
   s[10,6,1]           -6 
   s[10,6,2]          -12 
   s[10,7,2]          -13 
   s[10,8,1]          -10 
   s[10,8,2]          -10 
   s[10,9,1]           -4 
s_tilde[0,1,2]          562 
s_tilde[0,2,1]     -9474.51 
s_tilde[0,3,2]          360 
s_tilde[0,4,1]          475 
s_tilde[0,4,2]     -15.1468 
s_tilde[0,5,1]       517.06 
s_tilde[1,11,2]      -613.42 
s_tilde[2,11,1]      9492.38 
s_tilde[2,11,2]     -31.1048 
s_tilde[3,11,1]     -49.8511 
s_tilde[3,11,2]      -411.42 
s_tilde[4,11,1]     -524.851 
s_tilde[5,11,1]     -566.911 
s_tilde[5,11,2]       -51.42 
s_tilde[1,2,1]     -9440.82 
s_tilde[1,2,2]         -562 
s_tilde[1,3,1]      12.1982 
s_tilde[1,3,2]         -202 
s_tilde[1,4,1]      537.735 
s_tilde[1,4,2]     -577.147 
s_tilde[1,5,1]      550.996 
s_tilde[1,5,2]         -562 
s_tilde[2,1,1]       9508.2 
s_tilde[2,1,2]      572.107 
s_tilde[2,3,1]      9514.64 
s_tilde[2,3,2]      372.039 
s_tilde[2,4,1]        10000 
s_tilde[2,5,1]        10000 
s_tilde[2,5,2]      2.52893 
s_tilde[3,1,2]          202 
s_tilde[3,2,1]     -9474.51 
s_tilde[3,2,2]         -360 
s_tilde[3,4,1]          475 
s_tilde[3,4,2]     -375.147 
s_tilde[3,5,1]       517.06 
s_tilde[3,5,2]         -360 
s_tilde[4,1,1]         -475 
s_tilde[4,1,2]      621.062 
s_tilde[4,2,1]     -9949.51 
s_tilde[4,2,2]      50.4893 
s_tilde[4,3,1]         -475 
s_tilde[4,3,2]      415.482 
s_tilde[4,5,1]      42.0595 
s_tilde[4,5,2]      56.3889 
s_tilde[5,1,1]      -517.06 
s_tilde[5,1,2]          562 
s_tilde[5,2,1]     -9991.57 
s_tilde[5,3,1]      -517.06 
s_tilde[5,3,2]          360 
s_tilde[5,4,1]     -42.0595 
s_tilde[5,4,2]     -15.1468 
s_tilde[12,6,1]     -35.4682 
s_tilde[12,6,2]      981.924 
s_tilde[12,7,1]      992.171 
s_tilde[12,8,2]      948.729 
s_tilde[12,9,1]      1271.12 
s_tilde[12,9,2]      86.7644 
s_tilde[12,10,1]      1092.23 
s_tilde[12,10,2]      2.14044 
s_tilde[6,13,2]     -937.644 
s_tilde[7,13,1]      -1090.9 
s_tilde[8,13,1]      49.3761 
s_tilde[8,13,2]     -907.644 
s_tilde[9,13,1]      -1245.9 
s_tilde[10,13,1]      -1187.9 
s_tilde[6,7,1]       1090.9 
s_tilde[6,7,2]     -937.644 
s_tilde[6,8,1]      40.0319 
s_tilde[6,8,2]          -30 
s_tilde[6,9,1]       1245.9 
s_tilde[6,9,2]     -937.644 
s_tilde[6,10,1]       1187.9 
s_tilde[6,10,2]     -937.644 
s_tilde[7,6,1]      -1090.9 
s_tilde[7,6,2]      937.644 
s_tilde[7,8,1]     -1050.86 
s_tilde[7,8,2]      907.644 
s_tilde[7,9,1]          155 
s_tilde[7,10,1]           97 
s_tilde[8,6,2]           30 
s_tilde[8,7,1]      1087.36 
s_tilde[8,7,2]     -907.644 
s_tilde[8,9,1]      1278.28 
s_tilde[8,9,2]     -907.644 
s_tilde[8,10,1]      1182.33 
s_tilde[8,10,2]     -907.644 
s_tilde[9,6,1]      -1245.9 
s_tilde[9,6,2]      937.644 
s_tilde[9,7,1]         -155 
s_tilde[9,8,1]     -1205.86 
s_tilde[9,8,2]      907.644 
s_tilde[9,10,1]          -58 
s_tilde[10,6,1]      -1187.9 
s_tilde[10,6,2]      937.644 
s_tilde[10,7,1]          -97 
s_tilde[10,8,1]     -1147.86 
s_tilde[10,8,2]      907.644 
s_tilde[10,9,1]           58 
sigma[0,1,2]     -548.616 
sigma[0,2,1]      9540.31 
sigma[0,3,2]     -441.864 
sigma[0,4,1]     -574.834 
sigma[0,5,1]     -471.828 
sigma[1,2,1]      9540.31 
sigma[1,3,2]     -441.864 
sigma[1,4,1]     -574.834 
sigma[1,5,1]     -471.828 
sigma[2,1,2]     -548.616 
sigma[2,3,2]     -441.864 
sigma[2,4,1]     -574.834 
sigma[2,5,1]     -471.828 
sigma[3,1,2]     -548.616 
sigma[3,2,1]      9540.31 
sigma[3,4,1]     -574.834 
sigma[3,5,1]     -471.828 
sigma[4,1,2]     -548.616 
sigma[4,2,1]      9540.31 
sigma[4,3,2]     -441.864 
sigma[4,5,1]     -471.828 
sigma[5,1,2]     -548.616 
sigma[5,2,1]      9540.31 
sigma[5,3,2]     -441.864 
sigma[5,4,1]     -574.834 
sigma[12,6,2]     -1098.62 
sigma[12,7,1]     -966.644 
sigma[12,8,2]     -991.864 
sigma[12,9,1]     -1124.83 
sigma[12,10,1]     -970.033 
sigma[6,7,1]     -966.644 
sigma[6,8,2]     -991.864 
sigma[6,9,1]     -1124.83 
sigma[6,10,1]     -970.033 
sigma[7,6,2]     -1098.62 
sigma[7,8,2]     -991.864 
sigma[7,9,1]     -1124.83 
sigma[7,10,1]     -970.033 
sigma[8,6,2]     -1098.62 
sigma[8,7,1]     -966.644 
sigma[8,9,1]     -1124.83 
sigma[8,10,1]     -970.033 
sigma[9,6,2]     -1098.62 
sigma[9,7,1]     -966.644 
sigma[9,8,2]     -991.864 
sigma[9,10,1]     -970.033 
sigma[10,6,2]     -1098.62 
sigma[10,7,1]     -966.644 
sigma[10,8,2]     -991.864 
sigma[10,9,1]     -1124.83 
 p_active[1]      548.616 
 p_active[2]      509.198 
 p_active[3]      441.864 
 p_active[4]      574.834 
 p_active[5]      500.768 
 p_active[6]      1098.62 
 p_active[7]      966.644 
 p_active[8]      991.864 
 p_active[9]      1124.83 
p_active[10]      970.033 
vehiclecosts      1115.99 
route_duration_pickup[1]       99.813 
route_duration_pickup[2]       184.09 
route_duration_delivery[1]       369.31 
route_duration_delivery[2]      462.779 
2 optimal
Obj: 1115.99
x[0,3,1] 1
x[0,5,2] 1
x[1,11,1] 1
x[4,11,2] 1
x[2,4,2] 1
x[3,1,1] 1
x[5,2,2] 1
x[12,7,2] 1
x[12,8,1] 1
x[6,13,1] 1
x[9,13,2] 1
x[7,10,2] 1
x[8,6,1] 1
x[10,9,2] 1
w[1] 643.987
w[2] 761.68
r[1] 550
r[2] 457.446
r[3] 550
r[4] 550
r[5] 469.265
u[0,1] 360
u[0,2] 360
u[1,1] 548.616
u[1,2] 562
u[2,1] 575
u[2,2] 509.198
u[3,1] 441.864
u[3,2] 360
u[4,1] 475
u[4,2] 559.687
u[5,1] 546
u[5,2] 500.768
u[6,1] 859.72
u[6,2] 823
u[7,1] 852
u[7,2] 852
u[8,1] 793
u[8,2] 793
u[9,1] 1007
u[9,2] 1010.19
u[10,1] 949
u[10,2] 855.39
u[11,1] 643.987
u[11,2] 611.506
u[12,1] 643.987
u[12,2] 761.68
u[13,1] 1013.3
u[13,2] 1224.46
tau[1] 643.987
tau[2] 611.506
z[1] 360
z[2] 360
z[3] 360
z[4] 360
z[5] 360
v[1,1] 20
v[1,2] 10
v[2,1] 20
v[2,2] 13
v[3,1] 4
v[3,2] 10
v[4,2] 17
v[5,1] 10
v[5,2] 3
v[7,2] 7
v[8,1] 16
v[8,2] 10
v[9,1] 10
v[10,1] 10
v[10,2] 4
v[11,1] 20
v[11,2] 17
v[12,1] 20
v[12,2] 17
v[13,1] 10
v[13,2] 10
g[1,1] 10
g[2,1] 10
g[2,2] 3
g[4,2] 7
g[8,1] 6
g[11,1] 10
g[11,2] 7
g[12,1] 10
g[12,2] 7
d[0,1] 1
d[0,2] 1
d[1,1] 2
d[1,2] 1
d[2,1] 2
d[2,2] 1.3
d[3,1] 1
d[3,2] 1
d[4,1] 1
d[4,2] 1.7
d[5,1] 1
d[5,2] 1
d[6,1] 1
d[6,2] 1
d[7,1] 1
d[7,2] 1
d[8,1] 1.6
d[8,2] 1
d[9,1] 1
d[9,2] 1
d[10,1] 1
d[10,2] 1
d[11,1] 2
d[11,2] 1.7
d[12,1] 2
d[12,2] 1.7
d[13,1] 1
d[13,2] 1
delta[0,1] 1
delta[0,2] 1
delta[3,1] 1
delta[3,2] 1
delta[4,1] 1
delta[5,2] 1
delta[6,1] 1
delta[6,2] 1
delta[7,1] 1
delta[7,2] 1
delta[8,2] 1
delta[9,1] 1
delta[9,2] 1
delta[10,1] 1
delta[10,2] 1
delta[13,1] 1
delta[13,2] 1
p[0,1] 360
p[0,2] 360
p[1,1] 548.616
p[2,1] 10049.5
p[2,2] 509.198
p[3,1] 441.864
p[4,2] 574.834
p[5,1] 28.9405
p[5,2] 500.768
p[6,1] 1098.62
p[7,2] 966.644
p[8,1] 991.864
p[9,2] 1124.83
p[10,2] 970.033
p[11,1] 693.838
p[11,2] 662.926
p[12,1] 693.838
p[12,2] 813.1
p[13,1] 1252.19
p[13,2] 1339.1
s[0,1,2] 6
s[0,4,1] 4
s[1,2,1] 10
s[1,2,2] 7
s[1,3,1] 20
s[1,3,2] 4
s[1,4,1] 24
s[1,5,1] 13
s[1,5,2] 10
s[2,1,1] 16
s[2,1,2] 19
s[2,3,1] 20
s[2,3,2] 7
s[2,4,1] 24
s[2,5,1] 13
s[2,5,2] 13
s[3,1,2] 16
s[3,2,2] 7
s[3,4,1] 8
s[3,5,2] 10
s[4,1,2] 23
s[4,2,2] 14
s[4,3,2] 11
s[4,5,2] 17
s[5,1,1] 6
s[5,1,2] 9
s[5,3,1] 10
s[5,4,1] 14
s[12,6,1] 4
s[12,6,2] 1
s[12,7,1] 10
s[12,8,2] 3
s[12,9,1] 6
s[12,9,2] 13
s[12,10,1] 7
s[12,10,2] 10
s[7,9,2] 3
s[8,7,1] 6
s[8,9,1] 2
s[8,9,2] 6
s[8,10,1] 3
s[8,10,2] 3
s_tilde[0,1,2] 562
s_tilde[0,3,2] 360
s_tilde[0,4,1] 475
s_tilde[0,5,1] 517.06
s_tilde[2,11,1] 9492.38
s_tilde[1,3,1] 12.1982
s_tilde[1,4,1] 537.735
s_tilde[1,5,1] 550.996
s_tilde[2,1,1] 9508.2
s_tilde[2,1,2] 572.107
s_tilde[2,3,1] 9514.64
s_tilde[2,3,2] 372.039
s_tilde[2,4,1] 10000
s_tilde[2,5,1] 10000
s_tilde[2,5,2] 2.52893
s_tilde[3,1,2] 202
s_tilde[3,4,1] 475
s_tilde[3,5,1] 517.06
s_tilde[4,1,2] 621.062
s_tilde[4,2,2] 50.4893
s_tilde[4,3,2] 415.482
s_tilde[4,5,1] 42.0595
s_tilde[4,5,2] 56.3889
s_tilde[5,1,2] 562
s_tilde[5,3,2] 360
s_tilde[12,6,2] 981.924
s_tilde[12,7,1] 992.171
s_tilde[12,8,2] 948.729
s_tilde[12,9,1] 1271.12
s_tilde[12,9,2] 86.7644
s_tilde[12,10,1] 1092.23
s_tilde[12,10,2] 2.14044
s_tilde[8,13,1] 49.3761
s_tilde[6,7,1] 1090.9
s_tilde[6,8,1] 40.0319
s_tilde[6,9,1] 1245.9
s_tilde[6,10,1] 1187.9
s_tilde[7,6,2] 937.644
s_tilde[7,8,2] 907.644
s_tilde[7,9,1] 155
s_tilde[7,10,1] 97
s_tilde[8,6,2] 30
s_tilde[8,7,1] 1087.36
s_tilde[8,9,1] 1278.28
s_tilde[8,10,1] 1182.33
s_tilde[9,6,2] 937.644
s_tilde[9,8,2] 907.644
s_tilde[10,6,2] 937.644
s_tilde[10,8,2] 907.644
s_tilde[10,9,1] 58
sigma[0,2,1] 9540.31
sigma[1,2,1] 9540.31
sigma[3,2,1] 9540.31
sigma[4,2,1] 9540.31
sigma[5,2,1] 9540.31
p_active[1] 548.616
p_active[2] 509.198
p_active[3] 441.864
p_active[4] 574.834
p_active[5] 500.768
p_active[6] 1098.62
p_active[7] 966.644
p_active[8] 991.864
p_active[9] 1124.83
p_active[10] 970.033
vehiclecosts 1115.99
route_duration_pickup[1] 99.813
route_duration_pickup[2] 184.09
route_duration_delivery[1] 369.31
route_duration_delivery[2] 462.779
vehicle 1 pick-up route [0, 3, 1, 11]
vehicle 2 pick-up route [0, 5, 2, 4, 11]
vehicle 1 delivery route [12, 8, 6, 13]
vehicle 2 delivery route [12, 7, 10, 9, 13]

Process finished with exit code 0
