C:\Users\gkiotsalitisk\AppData\Local\Programs\Python\Python37\python.exe "C:/Users/gkiotsalitisk/Desktop/Files/Directories/PAPERS Utwente/Submitted/2021_Amalia/code_v4reform_conditionals.py"
[  8  20   6  22  60  10   1   3 480 550   0   0]
rho 0.5 gamma 0.1
8 3 20 {1: 480, 2: 480, 3: 480} 10 1
[[      0  677908 6150220  677908 6150220       0]
 [      1  538181 6086484  720415 6176264      16]
 [      2  588257 6139249  711815 6208837      10]
 [      3  528913 6152557  710831 6168718       4]
 [      4  500074 6269745  662179 6199594       4]
 [      5  585053 6140355  720134 6210199       3]
 [      6  557926 6181752  723050 6178505       9]
 [      7  609023 6077163  722462 6177770       3]
 [      8  507721 6199180  719104 6173159       3]] [[ 823  943  442  562]
 [ 852  972  455  575]
 [ 793  913  360  471]
 [1007 1127  475  595]
 [ 829  949  426  546]
 [ 891 1011  425  545]
 [ 726  846  405  525]
 [ 800  920  387  507]] length 8
{1: 720415, 2: 711815, 3: 710831, 4: 662179, 5: 720134, 6: 723050, 7: 722462, 8: 719104, 9: 538181, 10: 588257, 11: 528913, 12: 500074, 13: 585053, 14: 557926, 15: 609023, 16: 507721, 0: 677908, 17: 677908, 18: 677908, 19: 677908}
{1: 6176264, 2: 6208837, 3: 6168718, 4: 6199594, 5: 6210199, 6: 6178505, 7: 6177770, 8: 6173159, 9: 6086484, 10: 6139249, 11: 6152557, 12: 6269745, 13: 6140355, 14: 6181752, 15: 6077163, 16: 6199180, 0: 6150220, 17: 6150220, 18: 6150220, 19: 6150220}
{1: 16, 2: 10, 3: 4, 4: 4, 5: 3, 6: 9, 7: 3, 8: 3, 9: 16, 10: 10, 11: 4, 12: 4, 13: 3, 14: 9, 15: 3, 16: 3, 0: 0, 17: 0, 18: 0, 19: 0}
e_bound {1: 442, 2: 455, 3: 360, 4: 475, 5: 426, 6: 425, 7: 405, 8: 387, 9: 823, 10: 852, 11: 793, 12: 1007, 13: 829, 14: 891, 15: 726, 16: 800, 0: 360, 17: 360, 18: 360, 19: 360}
{1: 562, 2: 575, 3: 471, 4: 595, 5: 546, 6: 545, 7: 525, 8: 507, 9: 943, 10: 972, 11: 913, 12: 1127, 13: 949, 14: 1011, 15: 846, 16: 920, 0: 1320, 17: 1320, 18: 1320, 19: 1320}
{(0, 0): 0.0, (0, 1): 49.85112822193696, (0, 2): 67.71733410287206, (0, 3): 37.763738334545216, (0, 4): 51.81885098108603, (0, 5): 73.35199736203506, (0, 6): 53.27139372120838, (0, 7): 52.38378962999909, (0, 8): 47.151968537909426, (0, 9): 153.57705631050493, (0, 10): 90.31979097628604, (0, 11): 149.01332690065007, (0, 12): 214.26888990471764, (0, 13): 93.37756288316804, (0, 14): 124.0562265587665, (0, 15): 100.41149572633604, (0, 16): 177.08951569474686, (0, 17): 0.0, (0, 18): 0.0, (0, 19): 0.0, (1, 0): 49.85112822193696, (1, 1): 0.0, (1, 2): 33.689172281313176, (1, 3): 12.198162648530312, (1, 4): 62.73532175736409, (1, 5): 33.9361633954105, (1, 6): 3.45909034285027, (1, 7): 2.5413077342187425, (1, 8): 3.3704222287422687, (1, 9): 203.14940107221582, (1, 10): 137.24375100163942, (1, 11): 192.9638252445261, (1, 12): 239.35090065007066, (1, 13): 140.04401924038027, (1, 14): 162.5816510710849, (1, 15): 149.09455343841373, (1, 16): 213.92494172489566, (1, 17): 49.85112822193696, (1, 18): 49.85112822193696, (1, 19): 49.85112822193696, (2, 0): 67.71733410287206, (2, 1): 33.689172281313176, (2, 2): 0.0, (2, 3): 40.13106548548144, (2, 4): 50.48926168008401, (2, 5): 8.429757113938694, (2, 6): 32.3458722096035, (2, 7): 32.84078406493974, (2, 8): 36.414958533547725, (2, 9): 212.41238797443054, (2, 10): 141.8064494584079, (2, 11): 191.36504384030016, (2, 12): 220.32711032689556, (2, 13): 144.07771849942657, (2, 14): 156.254348886679, (2, 15): 167.04561514748002, (2, 16): 204.3223396621133, (2, 17): 67.71733410287206, (2, 18): 67.71733410287206, (2, 19): 67.71733410287206, (3, 0): 37.763738334545216, (3, 1): 12.198162648530312, (3, 2): 40.13106548548144, (3, 3): 0.0, (3, 4): 57.622430354854004, (3, 5): 42.5114004709325, (3, 6): 15.655329124614404, (3, 7): 14.738346752604242, (3, 8): 9.389622463123851, (3, 9): 191.23402745327516, (3, 10): 126.0666785356067, (3, 11): 182.6344344448768, (3, 12): 233.7198489174593, (3, 13): 128.9362829191225, (3, 14): 153.45951968190178, (3, 15): 136.92036696196809, (3, 16): 205.3816095564547, (3, 17): 37.763738334545216, (3, 18): 37.763738334545216, (3, 19): 37.763738334545216, (4, 0): 51.81885098108603, (4, 1): 62.73532175736409, (4, 2): 50.48926168008401, (4, 3): 57.622430354854004, (4, 4): 0.0, (4, 5): 58.91729839359574, (4, 6): 64.42068427143568, (4, 7): 64.11183248823886, (4, 8): 62.76356307603959, (4, 9): 167.83735014590764, (4, 10): 95.42526452150919, (4, 11): 141.32340968501998, (4, 12): 176.63293528105115, (4, 13): 97.25059895445375, (4, 14): 105.76873343762796, (4, 15): 133.47250689561503, (4, 16): 154.45855482944285, (4, 17): 51.81885098108603, (4, 18): 51.81885098108603, (4, 19): 51.81885098108603, (5, 0): 73.35199736203506, (5, 1): 33.9361633954105, (5, 2): 8.429757113938694, (5, 3): 42.5114004709325, (5, 4): 58.91729839359574, (5, 5): 0.0, (5, 6): 31.827860311368717, (5, 7): 32.51245338328069, (5, 8): 37.054318236880306, (5, 9): 220.02794239368782, (5, 10): 149.75127922325072, (5, 11): 199.71998148658037, (5, 12): 227.97396718923852, (5, 13): 152.06926348542626, (5, 14): 164.68353613218292, (5, 15): 173.33271940692558, (5, 16): 212.69861525172186, (5, 17): 73.35199736203506, (5, 18): 73.35199736203506, (5, 19): 73.35199736203506, (6, 0): 53.27139372120838, (6, 1): 3.45909034285027, (6, 2): 32.3458722096035, (6, 3): 15.655329124614404, (6, 4): 64.42068427143568, (6, 5): 31.827860311368717, (6, 6): 0.0, (6, 7): 0.9412592629026287, (6, 8): 6.64459419377888, (6, 9): 206.5052338368207, (6, 10): 140.39297128061648, (6, 11): 195.86340513990865, (6, 12): 240.92121985412575, (6, 13): 143.1733023611595, (6, 14): 165.1559214348671, (6, 15): 152.55280296671052, (6, 16): 216.31928685625792, (6, 17): 53.27139372120838, (6, 18): 53.27139372120838, (6, 19): 53.27139372120838, (7, 0): 52.38378962999909, (7, 1): 2.5413077342187425, (7, 2): 32.84078406493974, (7, 3): 14.738346752604242, (7, 4): 64.11183248823886, (7, 5): 32.51245338328069, (7, 6): 0.9412592629026287, (7, 7): 0.0, (7, 8): 5.704163830045557, (7, 9): 205.65169767594918, (7, 10): 139.6239573497328, (7, 11): 195.1842994966552, (7, 12): 240.65706548738603, (7, 13): 142.41178148594307, (7, 14): 164.58417791513256, (7, 15): 151.62511391586816, (7, 16): 215.80566531256773, (7, 17): 52.38378962999909, (7, 18): 52.38378962999909, (7, 19): 52.38378962999909, (8, 0): 47.151968537909426, (8, 1): 3.3704222287422687, (8, 2): 36.414958533547725, (8, 3): 9.389622463123851, (8, 4): 62.76356307603959, (8, 5): 37.054318236880306, (8, 6): 6.64459419377888, (8, 7): 5.704163830045557, (8, 8): 0.0, (8, 9): 200.6132786083713, (8, 10): 135.16961755143055, (8, 11): 191.30357781547107, (8, 12): 239.38044259295702, (8, 13): 138.0064238251249, (8, 14): 161.4068998927865, (8, 15): 146.05840810100594, (8, 16): 212.9785555636999, (8, 17): 47.151968537909426, (8, 18): 47.151968537909426, (8, 19): 47.151968537909426, (9, 0): 153.57705631050493, (9, 1): 203.14940107221582, (9, 2): 212.41238797443054, (9, 3): 191.23402745327516, (9, 4): 167.83735014590764, (9, 5): 220.02794239368782, (9, 6): 206.5052338368207, (9, 7): 205.65169767594918, (9, 8): 200.6132786083713, (9, 9): 0.0, (9, 10): 72.74442247347902, (9, 11): 66.71984077469011, (9, 12): 187.1810288731206, (9, 13): 71.4077658591837, (9, 14): 97.29263512208928, (9, 15): 71.45257171718873, (9, 16): 116.7398818570586, (9, 17): 153.57705631050493, (9, 18): 153.57705631050493, (9, 19): 153.57705631050493, (10, 0): 90.31979097628604, (10, 1): 137.24375100163942, (10, 2): 141.8064494584079, (10, 3): 126.0666785356067, (10, 4): 95.42526452150919, (10, 5): 149.75127922325072, (10, 6): 140.39297128061648, (10, 7): 139.6239573497328, (10, 8): 135.16961755143055, (10, 9): 72.74442247347902, (10, 10): 0.0, (10, 11): 60.81786908466952, (10, 12): 157.497452376221, (10, 13): 3.389520910099243, (10, 14): 52.21565445342996, (10, 15): 65.46677135768954, (10, 16): 100.38810714920369, (10, 17): 90.31979097628604, (10, 18): 90.31979097628604, (10, 19): 90.31979097628604, (11, 0): 149.01332690065007, (11, 1): 192.9638252445261, (11, 2): 191.36504384030016, (11, 3): 182.6344344448768, (11, 4): 141.32340968501998, (11, 5): 199.71998148658037, (11, 6): 195.86340513990865, (11, 7): 195.1842994966552, (11, 8): 191.30357781547107, (11, 9): 66.71984077469011, (11, 10): 60.81786908466952, (11, 11): 0.0, (11, 12): 120.6843621394255, (11, 13): 57.45074763656257, (11, 14): 41.1594727128519, (11, 15): 110.0084875634603, (11, 16): 51.213328274971545, (11, 17): 149.01332690065007, (11, 18): 149.01332690065007, (11, 19): 149.01332690065007, (12, 0): 214.26888990471764, (12, 1): 239.35090065007066, (12, 2): 220.32711032689556, (12, 3): 233.7198489174593, (12, 4): 176.63293528105115, (12, 5): 227.97396718923852, (12, 6): 240.92121985412575, (12, 7): 240.65706548738603, (12, 8): 239.38044259295702, (12, 9): 187.1810288731206, (12, 10): 157.497452376221, (12, 11): 120.6843621394255, (12, 12): 0.0, (12, 13): 154.80052500233973, (12, 14): 105.30727397953096, (12, 15): 221.2638952133854, (12, 16): 70.9781363097116, (12, 17): 214.26888990471764, (12, 18): 214.26888990471764, (12, 19): 214.26888990471764, (13, 0): 93.37756288316804, (13, 1): 140.04401924038027, (13, 2): 144.07771849942657, (13, 3): 128.9362829191225, (13, 4): 97.25059895445375, (13, 5): 152.06926348542626, (13, 6): 143.1733023611595, (13, 7): 142.41178148594307, (13, 8): 138.0064238251249, (13, 9): 71.4077658591837, (13, 10): 3.389520910099243, (13, 11): 57.45074763656257, (13, 12): 154.80052500233973, (13, 13): 0.0, (13, 14): 49.49328982801608, (13, 15): 67.58542567743434, (13, 16): 97.16284706100372, (13, 17): 93.37756288316804, (13, 18): 93.37756288316804, (13, 19): 93.37756288316804, (14, 0): 124.0562265587665, (14, 1): 162.5816510710849, (14, 2): 156.254348886679, (14, 3): 153.45951968190178, (14, 4): 105.76873343762796, (14, 5): 164.68353613218292, (14, 6): 165.1559214348671, (14, 7): 164.58417791513256, (14, 8): 161.4068998927865, (14, 9): 97.29263512208928, (14, 10): 52.21565445342996, (14, 11): 41.1594727128519, (14, 12): 105.30727397953096, (14, 13): 49.49328982801608, (14, 14): 0.0, (14, 15): 116.40344638368745, (14, 16): 53.14392918292738, (14, 17): 124.0562265587665, (14, 18): 124.0562265587665, (14, 19): 124.0562265587665, (15, 0): 100.41149572633604, (15, 1): 149.09455343841373, (15, 2): 167.04561514748002, (15, 3): 136.92036696196809, (15, 4): 133.47250689561503, (15, 5): 173.33271940692558, (15, 6): 152.55280296671052, (15, 7): 151.62511391586816, (15, 8): 146.05840810100594, (15, 9): 71.45257171718873, (15, 10): 65.46677135768954, (15, 11): 110.0084875634603, (15, 12): 221.2638952133854, (15, 13): 67.58542567743434, (15, 14): 116.40344638368745, (15, 15): 0.0, (15, 16): 158.588282962519, (15, 17): 100.41149572633604, (15, 18): 100.41149572633604, (15, 19): 100.41149572633604, (16, 0): 177.08951569474686, (16, 1): 213.92494172489566, (16, 2): 204.3223396621133, (16, 3): 205.3816095564547, (16, 4): 154.45855482944285, (16, 5): 212.69861525172186, (16, 6): 216.31928685625792, (16, 7): 215.80566531256773, (16, 8): 212.9785555636999, (16, 9): 116.7398818570586, (16, 10): 100.38810714920369, (16, 11): 51.213328274971545, (16, 12): 70.9781363097116, (16, 13): 97.16284706100372, (16, 14): 53.14392918292738, (16, 15): 158.588282962519, (16, 16): 0.0, (16, 17): 177.08951569474686, (16, 18): 177.08951569474686, (16, 19): 177.08951569474686, (17, 0): 0.0, (17, 1): 49.85112822193696, (17, 2): 67.71733410287206, (17, 3): 37.763738334545216, (17, 4): 51.81885098108603, (17, 5): 73.35199736203506, (17, 6): 53.27139372120838, (17, 7): 52.38378962999909, (17, 8): 47.151968537909426, (17, 9): 153.57705631050493, (17, 10): 90.31979097628604, (17, 11): 149.01332690065007, (17, 12): 214.26888990471764, (17, 13): 93.37756288316804, (17, 14): 124.0562265587665, (17, 15): 100.41149572633604, (17, 16): 177.08951569474686, (17, 17): 0.0, (17, 18): 0.0, (17, 19): 0.0, (18, 0): 0.0, (18, 1): 49.85112822193696, (18, 2): 67.71733410287206, (18, 3): 37.763738334545216, (18, 4): 51.81885098108603, (18, 5): 73.35199736203506, (18, 6): 53.27139372120838, (18, 7): 52.38378962999909, (18, 8): 47.151968537909426, (18, 9): 153.57705631050493, (18, 10): 90.31979097628604, (18, 11): 149.01332690065007, (18, 12): 214.26888990471764, (18, 13): 93.37756288316804, (18, 14): 124.0562265587665, (18, 15): 100.41149572633604, (18, 16): 177.08951569474686, (18, 17): 0.0, (18, 18): 0.0, (18, 19): 0.0, (19, 0): 0.0, (19, 1): 49.85112822193696, (19, 2): 67.71733410287206, (19, 3): 37.763738334545216, (19, 4): 51.81885098108603, (19, 5): 73.35199736203506, (19, 6): 53.27139372120838, (19, 7): 52.38378962999909, (19, 8): 47.151968537909426, (19, 9): 153.57705631050493, (19, 10): 90.31979097628604, (19, 11): 149.01332690065007, (19, 12): 214.26888990471764, (19, 13): 93.37756288316804, (19, 14): 124.0562265587665, (19, 15): 100.41149572633604, (19, 16): 177.08951569474686, (19, 17): 0.0, (19, 18): 0.0, (19, 19): 0.0} {(0, 0): 0.0, (0, 1): 49.85112822193696, (0, 2): 67.71733410287206, (0, 3): 37.763738334545216, (0, 4): 51.81885098108603, (0, 5): 73.35199736203506, (0, 6): 53.27139372120838, (0, 7): 52.38378962999909, (0, 8): 47.151968537909426, (0, 9): 153.57705631050493, (0, 10): 90.31979097628604, (0, 11): 149.01332690065007, (0, 12): 214.26888990471764, (0, 13): 93.37756288316804, (0, 14): 124.0562265587665, (0, 15): 100.41149572633604, (0, 16): 177.08951569474686, (0, 17): 0.0, (0, 18): 0.0, (0, 19): 0.0, (1, 0): 49.85112822193696, (1, 1): 0.0, (1, 2): 33.689172281313176, (1, 3): 12.198162648530312, (1, 4): 62.73532175736409, (1, 5): 33.9361633954105, (1, 6): 3.45909034285027, (1, 7): 2.5413077342187425, (1, 8): 3.3704222287422687, (1, 9): 203.14940107221582, (1, 10): 137.24375100163942, (1, 11): 192.9638252445261, (1, 12): 239.35090065007066, (1, 13): 140.04401924038027, (1, 14): 162.5816510710849, (1, 15): 149.09455343841373, (1, 16): 213.92494172489566, (1, 17): 49.85112822193696, (1, 18): 49.85112822193696, (1, 19): 49.85112822193696, (2, 0): 67.71733410287206, (2, 1): 33.689172281313176, (2, 2): 0.0, (2, 3): 40.13106548548144, (2, 4): 50.48926168008401, (2, 5): 8.429757113938694, (2, 6): 32.3458722096035, (2, 7): 32.84078406493974, (2, 8): 36.414958533547725, (2, 9): 212.41238797443054, (2, 10): 141.8064494584079, (2, 11): 191.36504384030016, (2, 12): 220.32711032689556, (2, 13): 144.07771849942657, (2, 14): 156.254348886679, (2, 15): 167.04561514748002, (2, 16): 204.3223396621133, (2, 17): 67.71733410287206, (2, 18): 67.71733410287206, (2, 19): 67.71733410287206, (3, 0): 37.763738334545216, (3, 1): 12.198162648530312, (3, 2): 40.13106548548144, (3, 3): 0.0, (3, 4): 57.622430354854004, (3, 5): 42.5114004709325, (3, 6): 15.655329124614404, (3, 7): 14.738346752604242, (3, 8): 9.389622463123851, (3, 9): 191.23402745327516, (3, 10): 126.0666785356067, (3, 11): 182.6344344448768, (3, 12): 233.7198489174593, (3, 13): 128.9362829191225, (3, 14): 153.45951968190178, (3, 15): 136.92036696196809, (3, 16): 205.3816095564547, (3, 17): 37.763738334545216, (3, 18): 37.763738334545216, (3, 19): 37.763738334545216, (4, 0): 51.81885098108603, (4, 1): 62.73532175736409, (4, 2): 50.48926168008401, (4, 3): 57.622430354854004, (4, 4): 0.0, (4, 5): 58.91729839359574, (4, 6): 64.42068427143568, (4, 7): 64.11183248823886, (4, 8): 62.76356307603959, (4, 9): 167.83735014590764, (4, 10): 95.42526452150919, (4, 11): 141.32340968501998, (4, 12): 176.63293528105115, (4, 13): 97.25059895445375, (4, 14): 105.76873343762796, (4, 15): 133.47250689561503, (4, 16): 154.45855482944285, (4, 17): 51.81885098108603, (4, 18): 51.81885098108603, (4, 19): 51.81885098108603, (5, 0): 73.35199736203506, (5, 1): 33.9361633954105, (5, 2): 8.429757113938694, (5, 3): 42.5114004709325, (5, 4): 58.91729839359574, (5, 5): 0.0, (5, 6): 31.827860311368717, (5, 7): 32.51245338328069, (5, 8): 37.054318236880306, (5, 9): 220.02794239368782, (5, 10): 149.75127922325072, (5, 11): 199.71998148658037, (5, 12): 227.97396718923852, (5, 13): 152.06926348542626, (5, 14): 164.68353613218292, (5, 15): 173.33271940692558, (5, 16): 212.69861525172186, (5, 17): 73.35199736203506, (5, 18): 73.35199736203506, (5, 19): 73.35199736203506, (6, 0): 53.27139372120838, (6, 1): 3.45909034285027, (6, 2): 32.3458722096035, (6, 3): 15.655329124614404, (6, 4): 64.42068427143568, (6, 5): 31.827860311368717, (6, 6): 0.0, (6, 7): 0.9412592629026287, (6, 8): 6.64459419377888, (6, 9): 206.5052338368207, (6, 10): 140.39297128061648, (6, 11): 195.86340513990865, (6, 12): 240.92121985412575, (6, 13): 143.1733023611595, (6, 14): 165.1559214348671, (6, 15): 152.55280296671052, (6, 16): 216.31928685625792, (6, 17): 53.27139372120838, (6, 18): 53.27139372120838, (6, 19): 53.27139372120838, (7, 0): 52.38378962999909, (7, 1): 2.5413077342187425, (7, 2): 32.84078406493974, (7, 3): 14.738346752604242, (7, 4): 64.11183248823886, (7, 5): 32.51245338328069, (7, 6): 0.9412592629026287, (7, 7): 0.0, (7, 8): 5.704163830045557, (7, 9): 205.65169767594918, (7, 10): 139.6239573497328, (7, 11): 195.1842994966552, (7, 12): 240.65706548738603, (7, 13): 142.41178148594307, (7, 14): 164.58417791513256, (7, 15): 151.62511391586816, (7, 16): 215.80566531256773, (7, 17): 52.38378962999909, (7, 18): 52.38378962999909, (7, 19): 52.38378962999909, (8, 0): 47.151968537909426, (8, 1): 3.3704222287422687, (8, 2): 36.414958533547725, (8, 3): 9.389622463123851, (8, 4): 62.76356307603959, (8, 5): 37.054318236880306, (8, 6): 6.64459419377888, (8, 7): 5.704163830045557, (8, 8): 0.0, (8, 9): 200.6132786083713, (8, 10): 135.16961755143055, (8, 11): 191.30357781547107, (8, 12): 239.38044259295702, (8, 13): 138.0064238251249, (8, 14): 161.4068998927865, (8, 15): 146.05840810100594, (8, 16): 212.9785555636999, (8, 17): 47.151968537909426, (8, 18): 47.151968537909426, (8, 19): 47.151968537909426, (9, 0): 153.57705631050493, (9, 1): 203.14940107221582, (9, 2): 212.41238797443054, (9, 3): 191.23402745327516, (9, 4): 167.83735014590764, (9, 5): 220.02794239368782, (9, 6): 206.5052338368207, (9, 7): 205.65169767594918, (9, 8): 200.6132786083713, (9, 9): 0.0, (9, 10): 72.74442247347902, (9, 11): 66.71984077469011, (9, 12): 187.1810288731206, (9, 13): 71.4077658591837, (9, 14): 97.29263512208928, (9, 15): 71.45257171718873, (9, 16): 116.7398818570586, (9, 17): 153.57705631050493, (9, 18): 153.57705631050493, (9, 19): 153.57705631050493, (10, 0): 90.31979097628604, (10, 1): 137.24375100163942, (10, 2): 141.8064494584079, (10, 3): 126.0666785356067, (10, 4): 95.42526452150919, (10, 5): 149.75127922325072, (10, 6): 140.39297128061648, (10, 7): 139.6239573497328, (10, 8): 135.16961755143055, (10, 9): 72.74442247347902, (10, 10): 0.0, (10, 11): 60.81786908466952, (10, 12): 157.497452376221, (10, 13): 3.389520910099243, (10, 14): 52.21565445342996, (10, 15): 65.46677135768954, (10, 16): 100.38810714920369, (10, 17): 90.31979097628604, (10, 18): 90.31979097628604, (10, 19): 90.31979097628604, (11, 0): 149.01332690065007, (11, 1): 192.9638252445261, (11, 2): 191.36504384030016, (11, 3): 182.6344344448768, (11, 4): 141.32340968501998, (11, 5): 199.71998148658037, (11, 6): 195.86340513990865, (11, 7): 195.1842994966552, (11, 8): 191.30357781547107, (11, 9): 66.71984077469011, (11, 10): 60.81786908466952, (11, 11): 0.0, (11, 12): 120.6843621394255, (11, 13): 57.45074763656257, (11, 14): 41.1594727128519, (11, 15): 110.0084875634603, (11, 16): 51.213328274971545, (11, 17): 149.01332690065007, (11, 18): 149.01332690065007, (11, 19): 149.01332690065007, (12, 0): 214.26888990471764, (12, 1): 239.35090065007066, (12, 2): 220.32711032689556, (12, 3): 233.7198489174593, (12, 4): 176.63293528105115, (12, 5): 227.97396718923852, (12, 6): 240.92121985412575, (12, 7): 240.65706548738603, (12, 8): 239.38044259295702, (12, 9): 187.1810288731206, (12, 10): 157.497452376221, (12, 11): 120.6843621394255, (12, 12): 0.0, (12, 13): 154.80052500233973, (12, 14): 105.30727397953096, (12, 15): 221.2638952133854, (12, 16): 70.9781363097116, (12, 17): 214.26888990471764, (12, 18): 214.26888990471764, (12, 19): 214.26888990471764, (13, 0): 93.37756288316804, (13, 1): 140.04401924038027, (13, 2): 144.07771849942657, (13, 3): 128.9362829191225, (13, 4): 97.25059895445375, (13, 5): 152.06926348542626, (13, 6): 143.1733023611595, (13, 7): 142.41178148594307, (13, 8): 138.0064238251249, (13, 9): 71.4077658591837, (13, 10): 3.389520910099243, (13, 11): 57.45074763656257, (13, 12): 154.80052500233973, (13, 13): 0.0, (13, 14): 49.49328982801608, (13, 15): 67.58542567743434, (13, 16): 97.16284706100372, (13, 17): 93.37756288316804, (13, 18): 93.37756288316804, (13, 19): 93.37756288316804, (14, 0): 124.0562265587665, (14, 1): 162.5816510710849, (14, 2): 156.254348886679, (14, 3): 153.45951968190178, (14, 4): 105.76873343762796, (14, 5): 164.68353613218292, (14, 6): 165.1559214348671, (14, 7): 164.58417791513256, (14, 8): 161.4068998927865, (14, 9): 97.29263512208928, (14, 10): 52.21565445342996, (14, 11): 41.1594727128519, (14, 12): 105.30727397953096, (14, 13): 49.49328982801608, (14, 14): 0.0, (14, 15): 116.40344638368745, (14, 16): 53.14392918292738, (14, 17): 124.0562265587665, (14, 18): 124.0562265587665, (14, 19): 124.0562265587665, (15, 0): 100.41149572633604, (15, 1): 149.09455343841373, (15, 2): 167.04561514748002, (15, 3): 136.92036696196809, (15, 4): 133.47250689561503, (15, 5): 173.33271940692558, (15, 6): 152.55280296671052, (15, 7): 151.62511391586816, (15, 8): 146.05840810100594, (15, 9): 71.45257171718873, (15, 10): 65.46677135768954, (15, 11): 110.0084875634603, (15, 12): 221.2638952133854, (15, 13): 67.58542567743434, (15, 14): 116.40344638368745, (15, 15): 0.0, (15, 16): 158.588282962519, (15, 17): 100.41149572633604, (15, 18): 100.41149572633604, (15, 19): 100.41149572633604, (16, 0): 177.08951569474686, (16, 1): 213.92494172489566, (16, 2): 204.3223396621133, (16, 3): 205.3816095564547, (16, 4): 154.45855482944285, (16, 5): 212.69861525172186, (16, 6): 216.31928685625792, (16, 7): 215.80566531256773, (16, 8): 212.9785555636999, (16, 9): 116.7398818570586, (16, 10): 100.38810714920369, (16, 11): 51.213328274971545, (16, 12): 70.9781363097116, (16, 13): 97.16284706100372, (16, 14): 53.14392918292738, (16, 15): 158.588282962519, (16, 16): 0.0, (16, 17): 177.08951569474686, (16, 18): 177.08951569474686, (16, 19): 177.08951569474686, (17, 0): 0.0, (17, 1): 49.85112822193696, (17, 2): 67.71733410287206, (17, 3): 37.763738334545216, (17, 4): 51.81885098108603, (17, 5): 73.35199736203506, (17, 6): 53.27139372120838, (17, 7): 52.38378962999909, (17, 8): 47.151968537909426, (17, 9): 153.57705631050493, (17, 10): 90.31979097628604, (17, 11): 149.01332690065007, (17, 12): 214.26888990471764, (17, 13): 93.37756288316804, (17, 14): 124.0562265587665, (17, 15): 100.41149572633604, (17, 16): 177.08951569474686, (17, 17): 0.0, (17, 18): 0.0, (17, 19): 0.0, (18, 0): 0.0, (18, 1): 49.85112822193696, (18, 2): 67.71733410287206, (18, 3): 37.763738334545216, (18, 4): 51.81885098108603, (18, 5): 73.35199736203506, (18, 6): 53.27139372120838, (18, 7): 52.38378962999909, (18, 8): 47.151968537909426, (18, 9): 153.57705631050493, (18, 10): 90.31979097628604, (18, 11): 149.01332690065007, (18, 12): 214.26888990471764, (18, 13): 93.37756288316804, (18, 14): 124.0562265587665, (18, 15): 100.41149572633604, (18, 16): 177.08951569474686, (18, 17): 0.0, (18, 18): 0.0, (18, 19): 0.0, (19, 0): 0.0, (19, 1): 49.85112822193696, (19, 2): 67.71733410287206, (19, 3): 37.763738334545216, (19, 4): 51.81885098108603, (19, 5): 73.35199736203506, (19, 6): 53.27139372120838, (19, 7): 52.38378962999909, (19, 8): 47.151968537909426, (19, 9): 153.57705631050493, (19, 10): 90.31979097628604, (19, 11): 149.01332690065007, (19, 12): 214.26888990471764, (19, 13): 93.37756288316804, (19, 14): 124.0562265587665, (19, 15): 100.41149572633604, (19, 16): 177.08951569474686, (19, 17): 0.0, (19, 18): 0.0, (19, 19): 0.0}
P [1, 2, 3, 4, 5, 6, 7, 8]
D [9, 10, 11, 12, 13, 14, 15, 16]
V [0, 1, 2, 3, 4, 5, 6, 7, 8, 9, 10, 11, 12, 13, 14, 15, 16, 17, 18, 19]
PcupD [1, 2, 3, 4, 5, 6, 7, 8, 9, 10, 11, 12, 13, 14, 15, 16]
A [(0, 1), (0, 2), (0, 3), (0, 4), (0, 5), (0, 6), (0, 7), (0, 8), (1, 17), (2, 17), (3, 17), (4, 17), (5, 17), (6, 17), (7, 17), (8, 17), (1, 2), (1, 3), (1, 4), (1, 5), (1, 6), (1, 7), (1, 8), (2, 1), (2, 3), (2, 4), (2, 5), (2, 6), (2, 7), (2, 8), (3, 1), (3, 2), (3, 4), (3, 5), (3, 6), (3, 7), (3, 8), (4, 1), (4, 2), (4, 3), (4, 5), (4, 6), (4, 7), (4, 8), (5, 1), (5, 2), (5, 3), (5, 4), (5, 6), (5, 7), (5, 8), (6, 1), (6, 2), (6, 3), (6, 4), (6, 5), (6, 7), (6, 8), (7, 1), (7, 2), (7, 3), (7, 4), (7, 5), (7, 6), (7, 8), (8, 1), (8, 2), (8, 3), (8, 4), (8, 5), (8, 6), (8, 7), (18, 9), (18, 10), (18, 11), (18, 12), (18, 13), (18, 14), (18, 15), (18, 16), (9, 19), (10, 19), (11, 19), (12, 19), (13, 19), (14, 19), (15, 19), (16, 19), (9, 10), (9, 11), (9, 12), (9, 13), (9, 14), (9, 15), (9, 16), (10, 9), (10, 11), (10, 12), (10, 13), (10, 14), (10, 15), (10, 16), (11, 9), (11, 10), (11, 12), (11, 13), (11, 14), (11, 15), (11, 16), (12, 9), (12, 10), (12, 11), (12, 13), (12, 14), (12, 15), (12, 16), (13, 9), (13, 10), (13, 11), (13, 12), (13, 14), (13, 15), (13, 16), (14, 9), (14, 10), (14, 11), (14, 12), (14, 13), (14, 15), (14, 16), (15, 9), (15, 10), (15, 11), (15, 12), (15, 13), (15, 14), (15, 16), (16, 9), (16, 10), (16, 11), (16, 12), (16, 13), (16, 14), (16, 15)]
active_t [[  0.          49.85112822  67.7173341   37.76373833  51.81885098
   73.35199736  53.27139372  52.38378963  47.15196854   0.
    0.           0.           0.           0.           0.
    0.           0.           0.           0.           0.        ]
 [  0.           0.          33.68917228  12.19816265  62.73532176
   33.9361634    3.45909034   2.54130773   3.37042223   0.
    0.           0.           0.           0.           0.
    0.           0.          49.85112822   0.           0.        ]
 [  0.          33.68917228   0.          40.13106549  50.48926168
    8.42975711  32.34587221  32.84078406  36.41495853   0.
    0.           0.           0.           0.           0.
    0.           0.          67.7173341    0.           0.        ]
 [  0.          12.19816265  40.13106549   0.          57.62243035
   42.51140047  15.65532912  14.73834675   9.38962246   0.
    0.           0.           0.           0.           0.
    0.           0.          37.76373833   0.           0.        ]
 [  0.          62.73532176  50.48926168  57.62243035   0.
   58.91729839  64.42068427  64.11183249  62.76356308   0.
    0.           0.           0.           0.           0.
    0.           0.          51.81885098   0.           0.        ]
 [  0.          33.9361634    8.42975711  42.51140047  58.91729839
    0.          31.82786031  32.51245338  37.05431824   0.
    0.           0.           0.           0.           0.
    0.           0.          73.35199736   0.           0.        ]
 [  0.           3.45909034  32.34587221  15.65532912  64.42068427
   31.82786031   0.           0.94125926   6.64459419   0.
    0.           0.           0.           0.           0.
    0.           0.          53.27139372   0.           0.        ]
 [  0.           2.54130773  32.84078406  14.73834675  64.11183249
   32.51245338   0.94125926   0.           5.70416383   0.
    0.           0.           0.           0.           0.
    0.           0.          52.38378963   0.           0.        ]
 [  0.           3.37042223  36.41495853   9.38962246  62.76356308
   37.05431824   6.64459419   5.70416383   0.           0.
    0.           0.           0.           0.           0.
    0.           0.          47.15196854   0.           0.        ]
 [  0.           0.           0.           0.           0.
    0.           0.           0.           0.           0.
   72.74442247  66.71984077 187.18102887  71.40776586  97.29263512
   71.45257172 116.73988186   0.           0.         153.57705631]
 [  0.           0.           0.           0.           0.
    0.           0.           0.           0.          72.74442247
    0.          60.81786908 157.49745238   3.38952091  52.21565445
   65.46677136 100.38810715   0.           0.          90.31979098]
 [  0.           0.           0.           0.           0.
    0.           0.           0.           0.          66.71984077
   60.81786908   0.         120.68436214  57.45074764  41.15947271
  110.00848756  51.21332827   0.           0.         149.0133269 ]
 [  0.           0.           0.           0.           0.
    0.           0.           0.           0.         187.18102887
  157.49745238 120.68436214   0.         154.800525   105.30727398
  221.26389521  70.97813631   0.           0.         214.2688899 ]
 [  0.           0.           0.           0.           0.
    0.           0.           0.           0.          71.40776586
    3.38952091  57.45074764 154.800525     0.          49.49328983
   67.58542568  97.16284706   0.           0.          93.37756288]
 [  0.           0.           0.           0.           0.
    0.           0.           0.           0.          97.29263512
   52.21565445  41.15947271 105.30727398  49.49328983   0.
  116.40344638  53.14392918   0.           0.         124.05622656]
 [  0.           0.           0.           0.           0.
    0.           0.           0.           0.          71.45257172
   65.46677136 110.00848756 221.26389521  67.58542568 116.40344638
    0.         158.58828296   0.           0.         100.41149573]
 [  0.           0.           0.           0.           0.
    0.           0.           0.           0.         116.73988186
  100.38810715  51.21332827  70.97813631  97.16284706  53.14392918
  158.58828296   0.           0.           0.         177.08951569]
 [  0.           0.           0.           0.           0.
    0.           0.           0.           0.           0.
    0.           0.           0.           0.           0.
    0.           0.           0.           0.           0.        ]
 [  0.           0.           0.           0.           0.
    0.           0.           0.           0.         153.57705631
   90.31979098 149.0133269  214.2688899   93.37756288 124.05622656
  100.41149573 177.08951569   0.           0.           0.        ]
 [  0.           0.           0.           0.           0.
    0.           0.           0.           0.           0.
    0.           0.           0.           0.           0.
    0.           0.           0.           0.           0.        ]]
Using license file C:\Users\gkiotsalitisk\gurobi.lic
Academic license - for non-commercial use only
q {1: 16, 2: 10, 3: 4, 4: 4, 5: 3, 6: 9, 7: 3, 8: 3, 9: 16, 10: 10, 11: 4, 12: 4, 13: 3, 14: 9, 15: 3, 16: 3, 0: 0, 17: 0, 18: 0, 19: 0}
Changed value of parameter NodefileStart to 0.5
   Prev: inf  Min: 0.0  Max: inf  Default: inf
Gurobi Optimizer version 9.0.3 build v9.0.3rc0 (win64)
Optimize a model with 5014 rows, 2203 columns and 16062 nonzeros
Model fingerprint: 0x8e91d080
Variable types: 1657 continuous, 546 integer (546 binary)
Coefficient statistics:
  Matrix range     [1e-04, 1e+04]
  Objective range  [9e-01, 2e+02]
  Bounds range     [1e+00, 1e+00]
  RHS range        [9e-01, 1e+04]
Presolve removed 1861 rows and 974 columns
Presolve time: 0.06s
Presolved: 3153 rows, 1229 columns, 14496 nonzeros
Variable types: 785 continuous, 444 integer (441 binary)

Root relaxation: objective 1.308524e+03, 403 iterations, 0.01 seconds

    Nodes    |    Current Node    |     Objective Bounds      |     Work
 Expl Unexpl |  Obj  Depth IntInf | Incumbent    BestBd   Gap | It/Node Time

     0     0 1308.52432    0   79          - 1308.52432      -     -    0s
     0     0 1399.73213    0   83          - 1399.73213      -     -    0s
     0     0 1399.73213    0   81          - 1399.73213      -     -    0s
     0     0 1402.56700    0   82          - 1402.56700      -     -    0s
     0     0 1413.13505    0   75          - 1413.13505      -     -    0s
     0     0 1413.13505    0   75          - 1413.13505      -     -    0s
     0     0 1413.13505    0   50          - 1413.13505      -     -    0s
     0     0 1419.31872    0   86          - 1419.31872      -     -    0s
     0     0 1419.31872    0   75          - 1419.31872      -     -    0s
     0     0 1419.31872    0   82          - 1419.31872      -     -    0s
     0     0 1419.31872    0   81          - 1419.31872      -     -    0s
     0     0 1419.31872    0   93          - 1419.31872      -     -    0s
     0     0 1419.31872    0   93          - 1419.31872      -     -    0s
     0     0 1419.31872    0   87          - 1419.31872      -     -    0s
     0     0 1419.31872    0   87          - 1419.31872      -     -    0s
     0     2 1419.31872    0   87          - 1419.31872      -     -    1s
  2061   851 1608.79086   24  102          - 1489.91614      -  36.4    5s
* 2334   938              32    1603.0458724 1489.91614  7.06%  11.4    9s
  2394   965 1554.04066   35   12 1603.04587 1489.91614  7.06%  12.3   10s
* 2578   977              51    1585.8430838 1492.34903  5.90%  15.3   10s
H 2862   916                    1556.8541639 1492.63023  4.13%  18.9   11s
H 2864   877                    1556.5089627 1492.63023  4.10%  18.9   11s
  5903  1327 1514.62320   29   22 1556.50896 1499.20855  3.68%  34.5   18s
  7732  1589 infeasible   35      1556.50896 1502.20425  3.49%  37.6   20s
 12889  2401 1539.09700   33   28 1556.50896 1508.00176  3.12%  41.5   25s
 15955  2882 1551.33007   37   21 1556.50896 1510.47495  2.96%  42.8   30s
 20102  3591 infeasible   46      1556.50896 1513.31176  2.78%  43.5   35s
 24464  3980 infeasible   32      1556.50896 1515.22642  2.65%  43.8   40s
 28688  4446 1551.05241   36   13 1556.50896 1517.17161  2.53%  44.0   45s
 29528  4528 infeasible   33      1556.50896 1517.62832  2.50%  44.1   64s
 30403  4546 infeasible   31      1556.50896 1517.95885  2.48%  44.1   65s
 33842  4603 1529.05737   31   22 1556.50896 1519.71345  2.36%  44.3   70s
 39024  4516 1544.68550   30   12 1556.50896 1522.13949  2.21%  44.3   75s
 42334  4459     cutoff   53      1556.50896 1523.91041  2.09%  44.3   80s
 46498  4195 infeasible   59      1556.50896 1526.39363  1.93%  44.4   85s
 51785  3802     cutoff   35      1556.50896 1529.58580  1.73%  44.2   90s
 56950  3339     cutoff   46      1556.50896 1532.64953  1.53%  44.0   95s
 63082  2229 1545.62153   46   23 1556.50896 1537.66281  1.21%  43.6  100s
 68466   561 1555.17295   31   12 1556.50896 1544.07347  0.80%  43.1  105s

Cutting planes:
  Learned: 1
  Gomory: 28
  Cover: 23
  Implied bound: 110
  Projected implied bound: 6
  Clique: 14
  MIR: 65
  Flow cover: 303
  GUB cover: 1
  Inf proof: 21
  Zero half: 82
  RLT: 37
  Relax-and-lift: 31

Explored 70204 nodes (3081351 simplex iterations) in 106.13 seconds
Thread count was 8 (of 8 available processors)

Solution count 4: 1556.51 1556.85 1585.84 1603.05 

Optimal solution found (tolerance 1.00e-04)
Best objective 1.556508962658e+03, best bound 1.556508962658e+03, gap 0.0000%

    Variable            X 
-------------------------
    x[0,1,2]            1 
    x[0,3,1]            1 
    x[0,5,3]            1 
   x[1,17,2]            1 
   x[4,17,3]            1 
   x[6,17,1]            1 
    x[2,4,3]            1 
    x[3,8,1]            1 
    x[5,2,3]            1 
    x[7,6,1]            1 
    x[8,7,1]            1 
  x[18,10,1]            1 
  x[18,11,2]            1 
  x[18,15,3]            1 
   x[9,19,3]            1 
  x[12,19,1]            1 
  x[14,19,2]            1 
  x[10,13,1]            1 
  x[11,16,2]            1 
  x[13,12,1]            1 
   x[15,9,3]            1 
  x[16,14,2]            1 
        w[1]       734.68 
        w[2]      617.987 
        w[3]       635.03 
        r[1]          550 
        r[2]      457.446 
        r[3]      514.555 
        r[4]          550 
        r[5]      533.206 
        r[6]          550 
        r[7]      476.753 
        r[8]          550 
      u[0,1]          360 
      u[0,2]      420.705 
      u[0,3]          360 
      u[1,1]          442 
      u[1,2]      470.556 
      u[1,3]          442 
      u[2,1]          455 
      u[2,2]          455 
      u[2,3]      505.722 
      u[3,1]      397.764 
      u[3,2]          360 
      u[3,3]          360 
      u[4,1]          475 
      u[4,2]          475 
      u[4,3]      556.211 
      u[5,1]          426 
      u[5,2]          426 
      u[5,3]      433.352 
      u[6,1]      476.919 
      u[6,2]          425 
      u[6,3]          425 
      u[7,1]      429.479 
      u[7,2]          405 
      u[7,3]          405 
      u[8,1]      423.775 
      u[8,2]          387 
      u[8,3]          387 
      u[9,1]          823 
      u[9,2]          823 
      u[9,3]      835.894 
     u[10,1]          852 
     u[10,2]          852 
     u[10,3]          852 
     u[11,1]          793 
     u[11,2]          793 
     u[11,3]          793 
     u[12,1]      1010.19 
     u[12,2]         1007 
     u[12,3]         1007 
     u[13,1]       855.39 
     u[13,2]          829 
     u[13,3]          829 
     u[14,1]          891 
     u[14,2]      897.357 
     u[14,3]          891 
     u[15,1]          726 
     u[15,2]          726 
     u[15,3]      764.442 
     u[16,1]          800 
     u[16,2]      844.213 
     u[16,3]          800 
     u[17,1]       530.19 
     u[17,2]      520.407 
     u[17,3]       608.03 
     u[18,1]       761.68 
     u[18,2]      643.987 
     u[18,3]       664.03 
     u[19,1]      1224.46 
     u[19,2]      1021.41 
     u[19,3]      989.471 
    eta[1,2]            1 
    eta[2,3]            1 
    eta[3,1]            1 
    eta[4,3]            1 
    eta[5,3]            1 
    eta[6,1]            1 
    eta[7,1]            1 
    eta[8,1]            1 
  theta[1,3]            1 
  theta[2,1]            1 
  theta[3,2]            1 
  theta[4,1]            1 
  theta[5,1]            1 
  theta[6,2]            1 
  theta[7,3]            1 
  theta[8,2]            1 
    eta_k[1]            1 
    eta_k[2]            1 
    eta_k[3]            1 
  theta_k[1]            1 
  theta_k[2]            1 
  theta_k[3]            1 
      tau[1]       559.19 
      tau[2]      546.407 
      tau[3]       635.03 
        z[1]       635.03 
        z[2]       734.68 
        z[3]      617.987 
        z[4]       734.68 
        z[5]       734.68 
        z[6]      617.987 
        z[7]       635.03 
        z[8]      617.987 
      v[1,1]           10 
      v[1,2]           16 
      v[2,2]           10 
      v[2,3]           13 
      v[3,1]            4 
      v[4,2]           10 
      v[4,3]           17 
      v[5,1]           10 
      v[5,2]           10 
      v[5,3]            3 
      v[6,1]           19 
      v[6,3]           10 
      v[7,1]           10 
      v[7,2]           10 
      v[7,3]           10 
      v[8,1]            7 
      v[8,2]           10 
      v[8,3]           10 
      v[9,1]           10 
      v[9,2]           10 
     v[10,1]            7 
     v[10,3]           10 
     v[11,1]           10 
     v[11,2]           12 
     v[11,3]           10 
     v[12,3]           10 
     v[13,1]            4 
     v[13,2]           10 
     v[13,3]           10 
     v[14,1]           10 
     v[14,3]           10 
     v[15,1]           10 
     v[15,2]           10 
     v[15,3]           16 
     v[16,1]           10 
     v[16,2]            9 
     v[16,3]           10 
     v[17,1]           19 
     v[17,2]           16 
     v[17,3]           17 
     v[18,1]           17 
     v[18,2]           16 
     v[18,3]           19 
      g[1,2]            6 
      g[2,3]            3 
      g[4,3]            7 
      g[6,1]            9 
     g[11,2]            2 
     g[15,3]            6 
     g[17,1]            9 
     g[17,2]            6 
     g[17,3]            7 
     g[18,1]            7 
     g[18,2]            6 
     g[18,3]            9 
      d[0,1]            1 
      d[0,2]            1 
      d[0,3]            1 
      d[1,1]            1 
      d[1,2]          1.6 
      d[1,3]            1 
      d[2,1]            1 
      d[2,2]            1 
      d[2,3]          1.3 
      d[3,1]            1 
      d[3,2]            1 
      d[3,3]            1 
      d[4,1]            1 
      d[4,2]            1 
      d[4,3]          1.7 
      d[5,1]            1 
      d[5,2]            1 
      d[5,3]            1 
      d[6,1]          1.9 
      d[6,2]            1 
      d[6,3]            1 
      d[7,1]            1 
      d[7,2]            1 
      d[7,3]            1 
      d[8,1]            1 
      d[8,2]            1 
      d[8,3]            1 
      d[9,1]            1 
      d[9,2]            1 
      d[9,3]            1 
     d[10,1]            1 
     d[10,2]            1 
     d[10,3]            1 
     d[11,1]            1 
     d[11,2]          1.2 
     d[11,3]            1 
     d[12,1]            1 
     d[12,2]            1 
     d[12,3]            1 
     d[13,1]            1 
     d[13,2]            1 
     d[13,3]            1 
     d[14,1]            1 
     d[14,2]            1 
     d[14,3]            1 
     d[15,1]            1 
     d[15,2]            1 
     d[15,3]          1.6 
     d[16,1]            1 
     d[16,2]            1 
     d[16,3]            1 
     d[17,1]          1.9 
     d[17,2]          1.6 
     d[17,3]          1.7 
     d[18,1]          1.7 
     d[18,2]          1.6 
     d[18,3]          1.9 
     d[19,1]            1 
     d[19,2]            1 
     d[19,3]            1 
  delta[0,1]            1 
  delta[0,2]            1 
  delta[0,3]            1 
  delta[1,3]            1 
  delta[2,1]            1 
  delta[3,1]            1 
  delta[3,2]            1 
  delta[3,3]            1 
  delta[4,1]            1 
  delta[5,3]            1 
  delta[6,2]            1 
  delta[7,1]            1 
  delta[8,1]            1 
  delta[9,3]            1 
 delta[10,1]            1 
 delta[10,2]            1 
 delta[12,1]            1 
 delta[12,2]            1 
 delta[13,1]            1 
 delta[14,2]            1 
 delta[16,2]            1 
 delta[19,1]            1 
 delta[19,2]            1 
 delta[19,3]            1 
      p[0,1]          360 
      p[0,2]      420.705 
      p[0,3]          360 
      p[1,2]      470.556 
      p[2,3]      505.722 
      p[3,1]      397.764 
      p[4,3]      571.358 
      p[5,3]      433.352 
      p[6,1]      476.919 
      p[7,1]      429.479 
      p[8,1]      423.775 
      p[9,3]      1020.56 
     p[10,1]      963.168 
     p[11,2]      912.319 
     p[12,1]      1121.36 
     p[13,1]      966.558 
     p[14,2]      1026.92 
     p[15,3]      906.232 
     p[16,2]      973.775 
     p[17,1]      578.134 
     p[17,2]      550.318 
     p[17,3]       659.45 
     p[18,1]      809.624 
     p[18,2]      673.897 
     p[18,3]       715.45 
     p[19,1]      1335.63 
     p[19,2]      1150.97 
     p[19,3]      1174.13 
    s[0,1,1]            6 
    s[0,1,3]           16 
    s[0,2,1]           10 
    s[0,2,3]           -3 
    s[0,3,2]            4 
    s[0,3,3]            4 
    s[0,4,1]            4 
    s[0,4,2]           -6 
    s[0,4,3]          -13 
    s[0,5,1]           -7 
    s[0,5,2]           -7 
    s[0,6,1]          -10 
    s[0,6,2]            9 
    s[0,6,3]           -1 
    s[0,7,1]           -7 
    s[0,7,2]           -7 
    s[0,7,3]           -7 
    s[0,8,1]           -4 
    s[0,8,2]           -7 
    s[0,8,3]           -7 
   s[1,17,1]           -9 
   s[1,17,3]          -17 
   s[2,17,1]          -19 
   s[2,17,2]           -6 
   s[2,17,3]           -4 
   s[3,17,1]          -15 
   s[3,17,2]          -16 
   s[3,17,3]          -17 
   s[4,17,1]          -19 
   s[4,17,2]           -6 
   s[5,17,1]           -9 
   s[5,17,2]           -6 
   s[5,17,3]          -14 
   s[6,17,2]          -16 
   s[6,17,3]           -7 
   s[7,17,1]           -9 
   s[7,17,2]           -6 
   s[7,17,3]           -7 
   s[8,17,1]          -12 
   s[8,17,2]           -6 
   s[8,17,3]           -7 
    s[1,2,1]           20 
    s[1,2,2]           16 
    s[1,2,3]           -3 
    s[1,3,1]           10 
    s[1,3,2]           20 
    s[1,3,3]            4 
    s[1,4,1]           14 
    s[1,4,2]           10 
    s[1,4,3]          -13 
    s[1,5,1]            3 
    s[1,5,2]            9 
    s[1,6,2]           25 
    s[1,6,3]           -1 
    s[1,7,1]            3 
    s[1,7,2]            9 
    s[1,7,3]           -7 
    s[1,8,1]            6 
    s[1,8,2]            9 
    s[1,8,3]           -7 
    s[2,1,1]            6 
    s[2,1,2]           10 
    s[2,1,3]           29 
    s[2,3,2]           14 
    s[2,3,3]           17 
    s[2,4,1]            4 
    s[2,4,2]            4 
    s[2,5,1]           -7 
    s[2,5,2]            3 
    s[2,5,3]           13 
    s[2,6,1]          -10 
    s[2,6,2]           19 
    s[2,6,3]           12 
    s[2,7,1]           -7 
    s[2,7,2]            3 
    s[2,7,3]            6 
    s[2,8,1]           -4 
    s[2,8,2]            3 
    s[2,8,3]            6 
    s[3,1,1]           10 
    s[3,1,3]           16 
    s[3,2,1]           14 
    s[3,2,3]           -3 
    s[3,4,1]            8 
    s[3,4,2]           -6 
    s[3,4,3]          -13 
    s[3,5,1]           -3 
    s[3,5,2]           -7 
    s[3,6,1]           -6 
    s[3,6,2]            9 
    s[3,6,3]           -1 
    s[3,7,1]           -3 
    s[3,7,2]           -7 
    s[3,7,3]           -7 
    s[3,8,2]           -7 
    s[3,8,3]           -7 
    s[4,1,1]            6 
    s[4,1,2]           10 
    s[4,1,3]           33 
    s[4,2,1]           10 
    s[4,2,2]           10 
    s[4,2,3]           14 
    s[4,3,2]           14 
    s[4,3,3]           21 
    s[4,5,1]           -7 
    s[4,5,2]            3 
    s[4,5,3]           17 
    s[4,6,1]          -10 
    s[4,6,2]           19 
    s[4,6,3]           16 
    s[4,7,1]           -7 
    s[4,7,2]            3 
    s[4,7,3]           10 
    s[4,8,1]           -4 
    s[4,8,2]            3 
    s[4,8,3]           10 
    s[5,1,1]           16 
    s[5,1,2]           10 
    s[5,1,3]           19 
    s[5,2,1]           20 
    s[5,2,2]           10 
    s[5,3,1]           10 
    s[5,3,2]           14 
    s[5,3,3]            7 
    s[5,4,1]           14 
    s[5,4,2]            4 
    s[5,4,3]          -10 
    s[5,6,2]           19 
    s[5,6,3]            2 
    s[5,7,1]            3 
    s[5,7,2]            3 
    s[5,7,3]           -4 
    s[5,8,1]            6 
    s[5,8,2]            3 
    s[5,8,3]           -4 
    s[6,1,1]           25 
    s[6,1,3]           26 
    s[6,2,1]           29 
    s[6,2,3]            7 
    s[6,3,1]           19 
    s[6,3,2]            4 
    s[6,3,3]           14 
    s[6,4,1]           23 
    s[6,4,2]           -6 
    s[6,4,3]           -3 
    s[6,5,1]           12 
    s[6,5,2]           -7 
    s[6,5,3]           10 
    s[6,7,1]           12 
    s[6,7,2]           -7 
    s[6,7,3]            3 
    s[6,8,1]           15 
    s[6,8,2]           -7 
    s[6,8,3]            3 
    s[7,1,1]           16 
    s[7,1,2]           10 
    s[7,1,3]           26 
    s[7,2,1]           20 
    s[7,2,2]           10 
    s[7,2,3]            7 
    s[7,3,1]           10 
    s[7,3,2]           14 
    s[7,3,3]           14 
    s[7,4,1]           14 
    s[7,4,2]            4 
    s[7,4,3]           -3 
    s[7,5,1]            3 
    s[7,5,2]            3 
    s[7,5,3]           10 
    s[7,6,2]           19 
    s[7,6,3]            9 
    s[7,8,1]            6 
    s[7,8,2]            3 
    s[7,8,3]            3 
    s[8,1,1]           13 
    s[8,1,2]           10 
    s[8,1,3]           26 
    s[8,2,1]           17 
    s[8,2,2]           10 
    s[8,2,3]            7 
    s[8,3,1]            7 
    s[8,3,2]           14 
    s[8,3,3]           14 
    s[8,4,1]           11 
    s[8,4,2]            4 
    s[8,4,3]           -3 
    s[8,5,2]            3 
    s[8,5,3]           10 
    s[8,6,1]           -3 
    s[8,6,2]           19 
    s[8,6,3]            9 
    s[8,7,2]            3 
    s[8,7,3]            3 
   s[18,9,1]           -9 
   s[18,9,2]          -10 
   s[18,9,3]            3 
  s[18,10,2]            6 
  s[18,10,3]           -1 
  s[18,11,1]            3 
  s[18,11,3]            5 
  s[18,12,1]           13 
  s[18,12,2]           12 
  s[18,12,3]            5 
  s[18,13,1]           10 
  s[18,13,2]            3 
  s[18,13,3]            6 
  s[18,14,1]           -2 
  s[18,14,2]            7 
  s[18,15,1]            4 
  s[18,15,2]            3 
  s[18,16,1]            4 
  s[18,16,2]            4 
  s[18,16,3]            6 
   s[9,10,1]           -7 
   s[9,10,3]          -20 
   s[9,11,1]           -4 
   s[9,11,2]           -6 
   s[9,11,3]          -14 
   s[9,12,1]            6 
   s[9,12,2]            6 
   s[9,12,3]          -14 
   s[9,13,1]            3 
   s[9,13,2]           -3 
   s[9,13,3]          -13 
   s[9,14,1]           -9 
   s[9,14,2]            1 
   s[9,14,3]          -19 
   s[9,15,1]           -3 
   s[9,15,2]           -3 
   s[9,15,3]          -19 
   s[9,16,1]           -3 
   s[9,16,2]           -2 
   s[9,16,3]          -13 
   s[10,9,1]          -19 
   s[10,9,2]          -26 
   s[10,9,3]           -6 
  s[10,11,1]           -7 
  s[10,11,2]          -16 
  s[10,11,3]           -4 
  s[10,12,1]            3 
  s[10,12,2]           -4 
  s[10,12,3]           -4 
  s[10,13,2]          -13 
  s[10,13,3]           -3 
  s[10,14,1]          -12 
  s[10,14,2]           -9 
  s[10,14,3]           -9 
  s[10,15,1]           -6 
  s[10,15,2]          -13 
  s[10,15,3]           -9 
  s[10,16,1]           -6 
  s[10,16,2]          -12 
  s[10,16,3]           -3 
   s[11,9,1]          -16 
   s[11,9,2]          -14 
   s[11,9,3]           -6 
  s[11,10,1]           -7 
  s[11,10,2]            2 
  s[11,10,3]          -10 
  s[11,12,1]            6 
  s[11,12,2]            8 
  s[11,12,3]           -4 
  s[11,13,1]            3 
  s[11,13,2]           -1 
  s[11,13,3]           -3 
  s[11,14,1]           -9 
  s[11,14,2]            3 
  s[11,14,3]           -9 
  s[11,15,1]           -3 
  s[11,15,2]           -1 
  s[11,15,3]           -9 
  s[11,16,1]           -3 
  s[11,16,3]           -3 
   s[12,9,1]          -26 
   s[12,9,2]          -26 
   s[12,9,3]           -6 
  s[12,10,1]          -17 
  s[12,10,2]          -10 
  s[12,10,3]          -10 
  s[12,11,1]          -14 
  s[12,11,2]          -16 
  s[12,11,3]           -4 
  s[12,13,1]           -7 
  s[12,13,2]          -13 
  s[12,13,3]           -3 
  s[12,14,1]          -19 
  s[12,14,2]           -9 
  s[12,14,3]           -9 
  s[12,15,1]          -13 
  s[12,15,2]          -13 
  s[12,15,3]           -9 
  s[12,16,1]          -13 
  s[12,16,2]          -12 
  s[12,16,3]           -3 
   s[13,9,1]          -22 
   s[13,9,2]          -16 
   s[13,9,3]           -6 
  s[13,10,1]          -13 
  s[13,10,3]          -10 
  s[13,11,1]          -10 
  s[13,11,2]           -6 
  s[13,11,3]           -4 
  s[13,12,2]            6 
  s[13,12,3]           -4 
  s[13,14,1]          -15 
  s[13,14,2]            1 
  s[13,14,3]           -9 
  s[13,15,1]           -9 
  s[13,15,2]           -3 
  s[13,15,3]           -9 
  s[13,16,1]           -9 
  s[13,16,2]           -2 
  s[13,16,3]           -3 
   s[14,9,1]          -16 
   s[14,9,2]          -26 
   s[14,9,3]           -6 
  s[14,10,1]           -7 
  s[14,10,2]          -10 
  s[14,10,3]          -10 
  s[14,11,1]           -4 
  s[14,11,2]          -16 
  s[14,11,3]           -4 
  s[14,12,1]            6 
  s[14,12,2]           -4 
  s[14,12,3]           -4 
  s[14,13,1]            3 
  s[14,13,2]          -13 
  s[14,13,3]           -3 
  s[14,15,1]           -3 
  s[14,15,2]          -13 
  s[14,15,3]           -9 
  s[14,16,1]           -3 
  s[14,16,2]          -12 
  s[14,16,3]           -3 
   s[15,9,1]          -16 
   s[15,9,2]          -16 
  s[15,10,1]           -7 
  s[15,10,3]           -4 
  s[15,11,1]           -4 
  s[15,11,2]           -6 
  s[15,11,3]            2 
  s[15,12,1]            6 
  s[15,12,2]            6 
  s[15,12,3]            2 
  s[15,13,1]            3 
  s[15,13,2]           -3 
  s[15,13,3]            3 
  s[15,14,1]           -9 
  s[15,14,2]            1 
  s[15,14,3]           -3 
  s[15,16,1]           -3 
  s[15,16,2]           -2 
  s[15,16,3]            3 
   s[16,9,1]          -16 
   s[16,9,2]          -17 
   s[16,9,3]           -6 
  s[16,10,1]           -7 
  s[16,10,2]           -1 
  s[16,10,3]          -10 
  s[16,11,1]           -4 
  s[16,11,2]           -7 
  s[16,11,3]           -4 
  s[16,12,1]            6 
  s[16,12,2]            5 
  s[16,12,3]           -4 
  s[16,13,1]            3 
  s[16,13,2]           -4 
  s[16,13,3]           -3 
  s[16,14,1]           -9 
  s[16,14,3]           -9 
  s[16,15,1]           -3 
  s[16,15,2]           -4 
  s[16,15,3]           -9 
s_tilde[0,1,1]          442 
s_tilde[0,1,3]          442 
s_tilde[0,2,1]          455 
s_tilde[0,2,2]          455 
s_tilde[0,3,2]          360 
s_tilde[0,3,3]          360 
s_tilde[0,4,1]          475 
s_tilde[0,4,2]          475 
s_tilde[0,4,3]     -15.1468 
s_tilde[0,5,1]          426 
s_tilde[0,5,2]          426 
s_tilde[0,6,2]          425 
s_tilde[0,6,3]          425 
s_tilde[0,7,2]          405 
s_tilde[0,7,3]          405 
s_tilde[0,8,2]          387 
s_tilde[0,8,3]          387 
s_tilde[1,17,1]     -489.944 
s_tilde[1,17,3]      -493.42 
s_tilde[2,17,1]     -502.944 
s_tilde[2,17,2]     -484.911 
s_tilde[2,17,3]     -31.1048 
s_tilde[3,17,1]     -47.9443 
s_tilde[3,17,2]     -389.911 
s_tilde[3,17,3]      -411.42 
s_tilde[4,17,1]     -522.944 
s_tilde[4,17,2]     -504.911 
s_tilde[5,17,1]     -473.944 
s_tilde[5,17,2]     -455.911 
s_tilde[5,17,3]       -51.42 
s_tilde[6,17,2]     -454.911 
s_tilde[6,17,3]      -476.42 
s_tilde[7,17,1]     -47.9443 
s_tilde[7,17,2]     -434.911 
s_tilde[7,17,3]      -456.42 
s_tilde[8,17,1]     -47.9443 
s_tilde[8,17,2]     -416.911 
s_tilde[8,17,3]      -438.42 
s_tilde[1,2,1]           13 
s_tilde[1,2,2]      475.214 
s_tilde[1,2,3]         -442 
s_tilde[1,3,1]         -442 
s_tilde[1,3,2]      367.319 
s_tilde[1,3,3]          -82 
s_tilde[1,4,1]           33 
s_tilde[1,4,2]      512.641 
s_tilde[1,4,3]     -457.147 
s_tilde[1,5,1]          -16 
s_tilde[1,5,2]      446.362 
s_tilde[1,5,3]         -442 
s_tilde[1,6,1]         -442 
s_tilde[1,6,2]      427.075 
s_tilde[1,6,3]          -17 
s_tilde[1,7,1]         -442 
s_tilde[1,7,2]      406.525 
s_tilde[1,7,3]          -37 
s_tilde[1,8,1]         -442 
s_tilde[1,8,2]      389.022 
s_tilde[1,8,3]          -55 
s_tilde[2,1,1]          -13 
s_tilde[2,1,2]         -455 
s_tilde[2,1,3]      452.107 
s_tilde[2,3,1]         -455 
s_tilde[2,3,2]          -95 
s_tilde[2,3,3]      372.039 
s_tilde[2,4,1]           20 
s_tilde[2,4,2]           20 
s_tilde[2,5,1]          -29 
s_tilde[2,5,2]          -29 
s_tilde[2,5,3]      2.52893 
s_tilde[2,6,1]         -455 
s_tilde[2,6,2]          -30 
s_tilde[2,6,3]      434.704 
s_tilde[2,7,1]         -455 
s_tilde[2,7,2]          -50 
s_tilde[2,7,3]      414.852 
s_tilde[2,8,1]         -455 
s_tilde[2,8,2]          -68 
s_tilde[2,8,3]      397.924 
s_tilde[3,1,1]          442 
s_tilde[3,1,2]         -360 
s_tilde[3,1,3]           82 
s_tilde[3,2,1]          455 
s_tilde[3,2,2]           95 
s_tilde[3,2,3]         -360 
s_tilde[3,4,1]          475 
s_tilde[3,4,2]          115 
s_tilde[3,4,3]     -375.147 
s_tilde[3,5,1]          426 
s_tilde[3,5,2]           66 
s_tilde[3,5,3]         -360 
s_tilde[3,6,2]           65 
s_tilde[3,6,3]           65 
s_tilde[3,7,2]           45 
s_tilde[3,7,3]           45 
s_tilde[3,8,2]           27 
s_tilde[3,8,3]           27 
s_tilde[4,1,1]          -33 
s_tilde[4,1,2]         -475 
s_tilde[4,1,3]      501.062 
s_tilde[4,2,1]          -20 
s_tilde[4,2,2]          -20 
s_tilde[4,2,3]      50.4893 
s_tilde[4,3,1]         -475 
s_tilde[4,3,2]         -115 
s_tilde[4,3,3]      415.482 
s_tilde[4,5,1]          -49 
s_tilde[4,5,2]          -49 
s_tilde[4,5,3]      56.3889 
s_tilde[4,6,1]         -475 
s_tilde[4,6,2]          -50 
s_tilde[4,6,3]      485.241 
s_tilde[4,7,1]         -475 
s_tilde[4,7,2]          -70 
s_tilde[4,7,3]      465.025 
s_tilde[4,8,1]         -475 
s_tilde[4,8,2]          -88 
s_tilde[4,8,3]      446.081 
s_tilde[5,1,1]           16 
s_tilde[5,1,2]         -426 
s_tilde[5,1,3]          442 
s_tilde[5,2,1]           29 
s_tilde[5,2,2]           29 
s_tilde[5,3,1]         -426 
s_tilde[5,3,2]          -66 
s_tilde[5,3,3]          360 
s_tilde[5,4,1]           49 
s_tilde[5,4,2]           49 
s_tilde[5,4,3]     -15.1468 
s_tilde[5,6,1]         -426 
s_tilde[5,6,2]           -1 
s_tilde[5,6,3]          425 
s_tilde[5,7,1]         -426 
s_tilde[5,7,2]          -21 
s_tilde[5,7,3]          405 
s_tilde[5,8,1]         -426 
s_tilde[5,8,2]          -39 
s_tilde[5,8,3]          387 
s_tilde[6,1,1]      445.113 
s_tilde[6,1,2]         -425 
s_tilde[6,1,3]           17 
s_tilde[6,2,1]      484.111 
s_tilde[6,2,2]           30 
s_tilde[6,2,3]         -425 
s_tilde[6,3,1]      14.0898 
s_tilde[6,3,2]          -65 
s_tilde[6,3,3]          -65 
s_tilde[6,4,1]      532.979 
s_tilde[6,4,2]           50 
s_tilde[6,4,3]     -440.147 
s_tilde[6,5,1]      454.645 
s_tilde[6,5,2]            1 
s_tilde[6,5,3]         -425 
s_tilde[6,7,1]     0.847133 
s_tilde[6,7,2]          -20 
s_tilde[6,7,3]          -20 
s_tilde[6,8,1]      5.98013 
s_tilde[6,8,2]          -38 
s_tilde[6,8,3]          -38 
s_tilde[7,1,1]          442 
s_tilde[7,1,2]         -405 
s_tilde[7,1,3]           37 
s_tilde[7,2,1]          455 
s_tilde[7,2,2]           50 
s_tilde[7,2,3]         -405 
s_tilde[7,3,2]          -45 
s_tilde[7,3,3]          -45 
s_tilde[7,4,1]          475 
s_tilde[7,4,2]           70 
s_tilde[7,4,3]     -420.147 
s_tilde[7,5,1]          426 
s_tilde[7,5,2]           21 
s_tilde[7,5,3]         -405 
s_tilde[7,6,2]           20 
s_tilde[7,6,3]           20 
s_tilde[7,8,2]          -18 
s_tilde[7,8,3]          -18 
s_tilde[8,1,1]          442 
s_tilde[8,1,2]         -387 
s_tilde[8,1,3]           55 
s_tilde[8,2,1]          455 
s_tilde[8,2,2]           68 
s_tilde[8,2,3]         -387 
s_tilde[8,3,2]          -27 
s_tilde[8,3,3]          -27 
s_tilde[8,4,1]          475 
s_tilde[8,4,2]           88 
s_tilde[8,4,3]     -402.147 
s_tilde[8,5,1]          426 
s_tilde[8,5,2]           39 
s_tilde[8,5,3]         -387 
s_tilde[8,6,2]           38 
s_tilde[8,6,3]           38 
s_tilde[8,7,2]           18 
s_tilde[8,7,3]           18 
s_tilde[18,9,1]      978.448 
s_tilde[18,9,2]      945.057 
s_tilde[18,9,3]      4.97746 
s_tilde[18,10,2]      936.103 
s_tilde[18,10,3]      984.708 
s_tilde[18,11,1]      945.254 
s_tilde[18,11,3]      978.532 
s_tilde[18,12,1]      86.7644 
s_tilde[18,12,2]      1165.47 
s_tilde[18,12,3]      1251.26 
s_tilde[18,13,1]      2.14044 
s_tilde[18,13,2]      914.937 
s_tilde[18,13,3]       964.46 
s_tilde[18,14,1]      1025.78 
s_tilde[18,14,2]     -25.2169 
s_tilde[18,14,3]      1054.07 
s_tilde[18,15,1]      844.232 
s_tilde[18,15,2]      816.158 
s_tilde[18,16,1]      971.907 
s_tilde[18,16,2]      6.60305 
s_tilde[18,16,3]       1010.8 
s_tilde[9,19,1]     -934.168 
s_tilde[9,19,2]     -952.561 
s_tilde[10,19,2]     -981.561 
s_tilde[10,19,3]     -1036.66 
s_tilde[11,19,1]     -904.168 
s_tilde[11,19,2]        19.56 
s_tilde[11,19,3]     -977.662 
s_tilde[12,19,2]     -1136.56 
s_tilde[12,19,3]     -1191.66 
s_tilde[13,19,2]     -958.561 
s_tilde[13,19,3]     -1013.66 
s_tilde[14,19,1]     -1002.17 
s_tilde[14,19,3]     -1075.66 
s_tilde[15,19,1]     -837.168 
s_tilde[15,19,2]     -855.561 
s_tilde[15,19,3]      17.3754 
s_tilde[16,19,1]     -911.168 
s_tilde[16,19,3]     -984.662 
s_tilde[9,10,1]     -934.168 
s_tilde[9,10,2]           29 
s_tilde[9,10,3]      1036.66 
s_tilde[9,11,1]          -30 
s_tilde[9,11,2]     -942.319 
s_tilde[9,11,3]      977.662 
s_tilde[9,12,1]     -934.168 
s_tilde[9,12,2]          184 
s_tilde[9,12,3]      1191.66 
s_tilde[9,13,1]     -934.168 
s_tilde[9,13,2]            6 
s_tilde[9,13,3]      1013.66 
s_tilde[9,14,1]           68 
s_tilde[9,14,2]     -952.561 
s_tilde[9,14,3]      1075.66 
s_tilde[9,15,1]          -97 
s_tilde[9,15,2]          -97 
s_tilde[9,15,3]      42.8715 
s_tilde[9,16,1]          -23 
s_tilde[9,16,2]     -952.561 
s_tilde[9,16,3]      984.662 
s_tilde[10,9,1]      934.168 
s_tilde[10,9,2]          -29 
s_tilde[10,9,3]     -1036.66 
s_tilde[10,11,1]      904.168 
s_tilde[10,11,2]     -971.319 
s_tilde[10,11,3]          -59 
s_tilde[10,12,2]          155 
s_tilde[10,12,3]          155 
s_tilde[10,13,2]          -23 
s_tilde[10,13,3]          -23 
s_tilde[10,14,1]      1002.17 
s_tilde[10,14,2]     -981.561 
s_tilde[10,14,3]           39 
s_tilde[10,15,1]      837.168 
s_tilde[10,15,2]         -126 
s_tilde[10,15,3]      -993.79 
s_tilde[10,16,1]      911.168 
s_tilde[10,16,2]     -981.561 
s_tilde[10,16,3]          -52 
s_tilde[11,9,1]           30 
s_tilde[11,9,2]      955.663 
s_tilde[11,9,3]     -977.662 
s_tilde[11,10,1]     -904.168 
s_tilde[11,10,2]      983.482 
s_tilde[11,10,3]           59 
s_tilde[11,12,1]     -904.168 
s_tilde[11,12,2]      1150.46 
s_tilde[11,12,3]          214 
s_tilde[11,13,1]     -904.168 
s_tilde[11,13,2]      959.809 
s_tilde[11,13,3]           36 
s_tilde[11,14,1]           98 
s_tilde[11,14,2]     -2.01077 
s_tilde[11,14,3]           98 
s_tilde[11,15,1]          -67 
s_tilde[11,15,2]       867.32 
s_tilde[11,15,3]      -934.79 
s_tilde[11,16,1]            7 
s_tilde[11,16,3]            7 
s_tilde[12,9,1]      934.168 
s_tilde[12,9,2]         -184 
s_tilde[12,9,3]     -1191.66 
s_tilde[12,10,2]         -155 
s_tilde[12,10,3]         -155 
s_tilde[12,11,1]      904.168 
s_tilde[12,11,2]     -1126.32 
s_tilde[12,11,3]         -214 
s_tilde[12,13,2]         -178 
s_tilde[12,13,3]         -178 
s_tilde[12,14,1]      1002.17 
s_tilde[12,14,2]     -1136.56 
s_tilde[12,14,3]         -116 
s_tilde[12,15,1]      837.168 
s_tilde[12,15,2]         -281 
s_tilde[12,15,3]     -1148.79 
s_tilde[12,16,1]      911.168 
s_tilde[12,16,2]     -1136.56 
s_tilde[12,16,3]         -207 
s_tilde[13,9,1]      934.168 
s_tilde[13,9,2]           -6 
s_tilde[13,9,3]     -1013.66 
s_tilde[13,10,2]           23 
s_tilde[13,10,3]           23 
s_tilde[13,11,1]      904.168 
s_tilde[13,11,2]     -948.319 
s_tilde[13,11,3]          -36 
s_tilde[13,12,2]          178 
s_tilde[13,12,3]          178 
s_tilde[13,14,1]      1002.17 
s_tilde[13,14,2]     -958.561 
s_tilde[13,14,3]           62 
s_tilde[13,15,1]      837.168 
s_tilde[13,15,2]         -103 
s_tilde[13,15,3]      -970.79 
s_tilde[13,16,1]      911.168 
s_tilde[13,16,2]     -958.561 
s_tilde[13,16,3]          -29 
s_tilde[14,9,1]          -68 
s_tilde[14,9,2]      952.561 
s_tilde[14,9,3]     -1075.66 
s_tilde[14,10,1]     -1002.17 
s_tilde[14,10,2]      981.561 
s_tilde[14,10,3]          -39 
s_tilde[14,11,1]          -98 
s_tilde[14,11,2]      10.2427 
s_tilde[14,11,3]          -98 
s_tilde[14,12,1]     -1002.17 
s_tilde[14,12,2]      1136.56 
s_tilde[14,12,3]          116 
s_tilde[14,13,1]     -1002.17 
s_tilde[14,13,2]      958.561 
s_tilde[14,13,3]          -62 
s_tilde[14,15,1]         -165 
s_tilde[14,15,2]      855.561 
s_tilde[14,15,3]     -1032.79 
s_tilde[14,16,1]          -91 
s_tilde[14,16,3]          -91 
s_tilde[15,9,1]           97 
s_tilde[15,9,2]           97 
s_tilde[15,10,1]     -837.168 
s_tilde[15,10,2]          126 
s_tilde[15,10,3]      1033.07 
s_tilde[15,11,1]           67 
s_tilde[15,11,2]     -845.319 
s_tilde[15,11,3]       1000.8 
s_tilde[15,12,1]     -837.168 
s_tilde[15,12,2]          281 
s_tilde[15,12,3]      1281.55 
s_tilde[15,13,1]     -837.168 
s_tilde[15,13,2]          103 
s_tilde[15,13,3]      1011.34 
s_tilde[15,14,1]          165 
s_tilde[15,14,2]     -855.561 
s_tilde[15,14,3]      1102.63 
s_tilde[15,16,1]           74 
s_tilde[15,16,2]     -855.561 
s_tilde[15,16,3]      1036.94 
s_tilde[16,9,1]           23 
s_tilde[16,9,2]      952.561 
s_tilde[16,9,3]     -984.662 
s_tilde[16,10,1]     -911.168 
s_tilde[16,10,2]      981.561 
s_tilde[16,10,3]           52 
s_tilde[16,11,1]           -7 
s_tilde[16,11,2]      10.2427 
s_tilde[16,11,3]           -7 
s_tilde[16,12,1]     -911.168 
s_tilde[16,12,2]      1136.56 
s_tilde[16,12,3]          207 
s_tilde[16,13,1]     -911.168 
s_tilde[16,13,2]      958.561 
s_tilde[16,13,3]           29 
s_tilde[16,14,1]           91 
s_tilde[16,14,3]           91 
s_tilde[16,15,1]          -74 
s_tilde[16,15,2]      855.561 
s_tilde[16,15,3]      -941.79 
sigma[0,1,1]     -470.556 
sigma[0,1,3]     -470.556 
sigma[0,2,1]     -505.722 
sigma[0,2,2]     -505.722 
sigma[0,3,2]     -397.764 
sigma[0,3,3]     -397.764 
sigma[0,4,1]     -571.358 
sigma[0,4,2]     -571.358 
sigma[0,5,1]     -433.352 
sigma[0,5,2]     -433.352 
sigma[0,6,2]     -476.919 
sigma[0,6,3]     -476.919 
sigma[0,7,2]     -429.479 
sigma[0,7,3]     -429.479 
sigma[0,8,2]     -423.775 
sigma[0,8,3]     -423.775 
sigma[1,2,1]     -505.722 
sigma[1,2,2]     -505.722 
sigma[1,3,2]     -397.764 
sigma[1,3,3]     -397.764 
sigma[1,4,1]     -571.358 
sigma[1,4,2]     -571.358 
sigma[1,5,1]     -433.352 
sigma[1,5,2]     -433.352 
sigma[1,6,2]     -476.919 
sigma[1,6,3]     -476.919 
sigma[1,7,2]     -429.479 
sigma[1,7,3]     -429.479 
sigma[1,8,2]     -423.775 
sigma[1,8,3]     -423.775 
sigma[2,1,1]     -470.556 
sigma[2,1,3]     -470.556 
sigma[2,3,2]     -397.764 
sigma[2,3,3]     -397.764 
sigma[2,4,1]     -571.358 
sigma[2,4,2]     -571.358 
sigma[2,5,1]     -433.352 
sigma[2,5,2]     -433.352 
sigma[2,6,2]     -476.919 
sigma[2,6,3]     -476.919 
sigma[2,7,2]     -429.479 
sigma[2,7,3]     -429.479 
sigma[2,8,2]     -423.775 
sigma[2,8,3]     -423.775 
sigma[3,1,1]     -470.556 
sigma[3,1,3]     -470.556 
sigma[3,2,1]     -505.722 
sigma[3,2,2]     -505.722 
sigma[3,4,1]     -571.358 
sigma[3,4,2]     -571.358 
sigma[3,5,1]     -433.352 
sigma[3,5,2]     -433.352 
sigma[3,6,2]     -476.919 
sigma[3,6,3]     -476.919 
sigma[3,7,2]     -429.479 
sigma[3,7,3]     -429.479 
sigma[3,8,2]     -423.775 
sigma[3,8,3]     -423.775 
sigma[4,1,1]     -470.556 
sigma[4,1,3]     -470.556 
sigma[4,2,1]     -505.722 
sigma[4,2,2]     -505.722 
sigma[4,3,2]     -397.764 
sigma[4,3,3]     -397.764 
sigma[4,5,1]     -433.352 
sigma[4,5,2]     -433.352 
sigma[4,6,2]     -476.919 
sigma[4,6,3]     -476.919 
sigma[4,7,2]     -429.479 
sigma[4,7,3]     -429.479 
sigma[4,8,2]     -423.775 
sigma[4,8,3]     -423.775 
sigma[5,1,1]     -470.556 
sigma[5,1,3]     -470.556 
sigma[5,2,1]     -505.722 
sigma[5,2,2]     -505.722 
sigma[5,3,2]     -397.764 
sigma[5,3,3]     -397.764 
sigma[5,4,1]     -571.358 
sigma[5,4,2]     -571.358 
sigma[5,6,2]     -476.919 
sigma[5,6,3]     -476.919 
sigma[5,7,2]     -429.479 
sigma[5,7,3]     -429.479 
sigma[5,8,2]     -423.775 
sigma[5,8,3]     -423.775 
sigma[6,1,1]     -470.556 
sigma[6,1,3]     -470.556 
sigma[6,2,1]     -505.722 
sigma[6,2,2]     -505.722 
sigma[6,3,2]     -397.764 
sigma[6,3,3]     -397.764 
sigma[6,4,1]     -571.358 
sigma[6,4,2]     -571.358 
sigma[6,5,1]     -433.352 
sigma[6,5,2]     -433.352 
sigma[6,7,2]     -429.479 
sigma[6,7,3]     -429.479 
sigma[6,8,2]     -423.775 
sigma[6,8,3]     -423.775 
sigma[7,1,1]     -470.556 
sigma[7,1,3]     -470.556 
sigma[7,2,1]     -505.722 
sigma[7,2,2]     -505.722 
sigma[7,3,2]     -397.764 
sigma[7,3,3]     -397.764 
sigma[7,4,1]     -571.358 
sigma[7,4,2]     -571.358 
sigma[7,5,1]     -433.352 
sigma[7,5,2]     -433.352 
sigma[7,6,2]     -476.919 
sigma[7,6,3]     -476.919 
sigma[7,8,2]     -423.775 
sigma[7,8,3]     -423.775 
sigma[8,1,1]     -470.556 
sigma[8,1,3]     -470.556 
sigma[8,2,1]     -505.722 
sigma[8,2,2]     -505.722 
sigma[8,3,2]     -397.764 
sigma[8,3,3]     -397.764 
sigma[8,4,1]     -571.358 
sigma[8,4,2]     -571.358 
sigma[8,5,1]     -433.352 
sigma[8,5,2]     -433.352 
sigma[8,6,2]     -476.919 
sigma[8,6,3]     -476.919 
sigma[8,7,2]     -429.479 
sigma[8,7,3]     -429.479 
sigma[18,9,1]     -1020.56 
sigma[18,9,2]     -1020.56 
sigma[18,10,2]     -963.168 
sigma[18,10,3]     -963.168 
sigma[18,11,1]     -912.319 
sigma[18,11,3]     -912.319 
sigma[18,12,2]     -1121.36 
sigma[18,12,3]     -1121.36 
sigma[18,13,2]     -966.558 
sigma[18,13,3]     -966.558 
sigma[18,14,1]     -1026.92 
sigma[18,14,3]     -1026.92 
sigma[18,15,1]     -906.232 
sigma[18,15,2]     -906.232 
sigma[18,16,1]     -973.775 
sigma[18,16,3]     -973.775 
sigma[9,10,2]     -963.168 
sigma[9,10,3]     -963.168 
sigma[9,11,1]     -912.319 
sigma[9,11,3]     -912.319 
sigma[9,12,2]     -1121.36 
sigma[9,12,3]     -1121.36 
sigma[9,13,2]     -966.558 
sigma[9,13,3]     -966.558 
sigma[9,14,1]     -1026.92 
sigma[9,14,3]     -1026.92 
sigma[9,15,1]     -906.232 
sigma[9,15,2]     -906.232 
sigma[9,16,1]     -973.775 
sigma[9,16,3]     -973.775 
sigma[10,9,1]     -1020.56 
sigma[10,9,2]     -1020.56 
sigma[10,11,1]     -912.319 
sigma[10,11,3]     -912.319 
sigma[10,12,2]     -1121.36 
sigma[10,12,3]     -1121.36 
sigma[10,13,2]     -966.558 
sigma[10,13,3]     -966.558 
sigma[10,14,1]     -1026.92 
sigma[10,14,3]     -1026.92 
sigma[10,15,1]     -906.232 
sigma[10,15,2]     -906.232 
sigma[10,16,1]     -973.775 
sigma[10,16,3]     -973.775 
sigma[11,9,1]     -1020.56 
sigma[11,9,2]     -1020.56 
sigma[11,10,2]     -963.168 
sigma[11,10,3]     -963.168 
sigma[11,12,2]     -1121.36 
sigma[11,12,3]     -1121.36 
sigma[11,13,2]     -966.558 
sigma[11,13,3]     -966.558 
sigma[11,14,1]     -1026.92 
sigma[11,14,3]     -1026.92 
sigma[11,15,1]     -906.232 
sigma[11,15,2]     -906.232 
sigma[11,16,1]     -973.775 
sigma[11,16,3]     -973.775 
sigma[12,9,1]     -1020.56 
sigma[12,9,2]     -1020.56 
sigma[12,10,2]     -963.168 
sigma[12,10,3]     -963.168 
sigma[12,11,1]     -912.319 
sigma[12,11,3]     -912.319 
sigma[12,13,2]     -966.558 
sigma[12,13,3]     -966.558 
sigma[12,14,1]     -1026.92 
sigma[12,14,3]     -1026.92 
sigma[12,15,1]     -906.232 
sigma[12,15,2]     -906.232 
sigma[12,16,1]     -973.775 
sigma[12,16,3]     -973.775 
sigma[13,9,1]     -1020.56 
sigma[13,9,2]     -1020.56 
sigma[13,10,2]     -963.168 
sigma[13,10,3]     -963.168 
sigma[13,11,1]     -912.319 
sigma[13,11,3]     -912.319 
sigma[13,12,2]     -1121.36 
sigma[13,12,3]     -1121.36 
sigma[13,14,1]     -1026.92 
sigma[13,14,3]     -1026.92 
sigma[13,15,1]     -906.232 
sigma[13,15,2]     -906.232 
sigma[13,16,1]     -973.775 
sigma[13,16,3]     -973.775 
sigma[14,9,1]     -1020.56 
sigma[14,9,2]     -1020.56 
sigma[14,10,2]     -963.168 
sigma[14,10,3]     -963.168 
sigma[14,11,1]     -912.319 
sigma[14,11,3]     -912.319 
sigma[14,12,2]     -1121.36 
sigma[14,12,3]     -1121.36 
sigma[14,13,2]     -966.558 
sigma[14,13,3]     -966.558 
sigma[14,15,1]     -906.232 
sigma[14,15,2]     -906.232 
sigma[14,16,1]     -973.775 
sigma[14,16,3]     -973.775 
sigma[15,9,1]     -1020.56 
sigma[15,9,2]     -1020.56 
sigma[15,10,2]     -963.168 
sigma[15,10,3]     -963.168 
sigma[15,11,1]     -912.319 
sigma[15,11,3]     -912.319 
sigma[15,12,2]     -1121.36 
sigma[15,12,3]     -1121.36 
sigma[15,13,2]     -966.558 
sigma[15,13,3]     -966.558 
sigma[15,14,1]     -1026.92 
sigma[15,14,3]     -1026.92 
sigma[15,16,1]     -973.775 
sigma[15,16,3]     -973.775 
sigma[16,9,1]     -1020.56 
sigma[16,9,2]     -1020.56 
sigma[16,10,2]     -963.168 
sigma[16,10,3]     -963.168 
sigma[16,11,1]     -912.319 
sigma[16,11,3]     -912.319 
sigma[16,12,2]     -1121.36 
sigma[16,12,3]     -1121.36 
sigma[16,13,2]     -966.558 
sigma[16,13,3]     -966.558 
sigma[16,14,1]     -1026.92 
sigma[16,14,3]     -1026.92 
sigma[16,15,1]     -906.232 
sigma[16,15,2]     -906.232 
 p_active[1]      470.556 
 p_active[2]      505.722 
 p_active[3]      397.764 
 p_active[4]      571.358 
 p_active[5]      433.352 
 p_active[6]      476.919 
 p_active[7]      429.479 
 p_active[8]      423.775 
 p_active[9]      1020.56 
p_active[10]      963.168 
p_active[11]      912.319 
p_active[12]      1121.36 
p_active[13]      966.558 
p_active[14]      1026.92 
p_active[15]      906.232 
p_active[16]      973.775 
vehiclecosts      1556.51 
route_duration_pickup[1]       107.07 
route_duration_pickup[2]      99.7023 
route_duration_pickup[3]       184.09 
route_duration_delivery[1]      462.779 
route_duration_delivery[2]      377.427 
route_duration_delivery[3]      325.441 
2 optimal
Obj: 1556.51
x[0,1,2] 1
x[0,3,1] 1
x[0,5,3] 1
x[1,17,2] 1
x[4,17,3] 1
x[6,17,1] 1
x[2,4,3] 1
x[3,8,1] 1
x[5,2,3] 1
x[7,6,1] 1
x[8,7,1] 1
x[18,10,1] 1
x[18,11,2] 1
x[18,15,3] 1
x[9,19,3] 1
x[12,19,1] 1
x[14,19,2] 1
x[10,13,1] 1
x[11,16,2] 1
x[13,12,1] 1
x[15,9,3] 1
x[16,14,2] 1
w[1] 734.68
w[2] 617.987
w[3] 635.03
r[1] 550
r[2] 457.446
r[3] 514.555
r[4] 550
r[5] 533.206
r[6] 550
r[7] 476.753
r[8] 550
u[0,1] 360
u[0,2] 420.705
u[0,3] 360
u[1,1] 442
u[1,2] 470.556
u[1,3] 442
u[2,1] 455
u[2,2] 455
u[2,3] 505.722
u[3,1] 397.764
u[3,2] 360
u[3,3] 360
u[4,1] 475
u[4,2] 475
u[4,3] 556.211
u[5,1] 426
u[5,2] 426
u[5,3] 433.352
u[6,1] 476.919
u[6,2] 425
u[6,3] 425
u[7,1] 429.479
u[7,2] 405
u[7,3] 405
u[8,1] 423.775
u[8,2] 387
u[8,3] 387
u[9,1] 823
u[9,2] 823
u[9,3] 835.894
u[10,1] 852
u[10,2] 852
u[10,3] 852
u[11,1] 793
u[11,2] 793
u[11,3] 793
u[12,1] 1010.19
u[12,2] 1007
u[12,3] 1007
u[13,1] 855.39
u[13,2] 829
u[13,3] 829
u[14,1] 891
u[14,2] 897.357
u[14,3] 891
u[15,1] 726
u[15,2] 726
u[15,3] 764.442
u[16,1] 800
u[16,2] 844.213
u[16,3] 800
u[17,1] 530.19
u[17,2] 520.407
u[17,3] 608.03
u[18,1] 761.68
u[18,2] 643.987
u[18,3] 664.03
u[19,1] 1224.46
u[19,2] 1021.41
u[19,3] 989.471
eta[1,2] 1
eta[2,3] 1
eta[3,1] 1
eta[4,3] 1
eta[5,3] 1
eta[6,1] 1
eta[7,1] 1
eta[8,1] 1
theta[1,3] 1
theta[2,1] 1
theta[3,2] 1
theta[4,1] 1
theta[5,1] 1
theta[6,2] 1
theta[7,3] 1
theta[8,2] 1
eta_k[1] 1
eta_k[2] 1
eta_k[3] 1
theta_k[1] 1
theta_k[2] 1
theta_k[3] 1
tau[1] 559.19
tau[2] 546.407
tau[3] 635.03
z[1] 635.03
z[2] 734.68
z[3] 617.987
z[4] 734.68
z[5] 734.68
z[6] 617.987
z[7] 635.03
z[8] 617.987
v[1,1] 10
v[1,2] 16
v[2,2] 10
v[2,3] 13
v[3,1] 4
v[4,2] 10
v[4,3] 17
v[5,1] 10
v[5,2] 10
v[5,3] 3
v[6,1] 19
v[6,3] 10
v[7,1] 10
v[7,2] 10
v[7,3] 10
v[8,1] 7
v[8,2] 10
v[8,3] 10
v[9,1] 10
v[9,2] 10
v[10,1] 7
v[10,3] 10
v[11,1] 10
v[11,2] 12
v[11,3] 10
v[12,3] 10
v[13,1] 4
v[13,2] 10
v[13,3] 10
v[14,1] 10
v[14,3] 10
v[15,1] 10
v[15,2] 10
v[15,3] 16
v[16,1] 10
v[16,2] 9
v[16,3] 10
v[17,1] 19
v[17,2] 16
v[17,3] 17
v[18,1] 17
v[18,2] 16
v[18,3] 19
g[1,2] 6
g[2,3] 3
g[4,3] 7
g[6,1] 9
g[11,2] 2
g[15,3] 6
g[17,1] 9
g[17,2] 6
g[17,3] 7
g[18,1] 7
g[18,2] 6
g[18,3] 9
d[0,1] 1
d[0,2] 1
d[0,3] 1
d[1,1] 1
d[1,2] 1.6
d[1,3] 1
d[2,1] 1
d[2,2] 1
d[2,3] 1.3
d[3,1] 1
d[3,2] 1
d[3,3] 1
d[4,1] 1
d[4,2] 1
d[4,3] 1.7
d[5,1] 1
d[5,2] 1
d[5,3] 1
d[6,1] 1.9
d[6,2] 1
d[6,3] 1
d[7,1] 1
d[7,2] 1
d[7,3] 1
d[8,1] 1
d[8,2] 1
d[8,3] 1
d[9,1] 1
d[9,2] 1
d[9,3] 1
d[10,1] 1
d[10,2] 1
d[10,3] 1
d[11,1] 1
d[11,2] 1.2
d[11,3] 1
d[12,1] 1
d[12,2] 1
d[12,3] 1
d[13,1] 1
d[13,2] 1
d[13,3] 1
d[14,1] 1
d[14,2] 1
d[14,3] 1
d[15,1] 1
d[15,2] 1
d[15,3] 1.6
d[16,1] 1
d[16,2] 1
d[16,3] 1
d[17,1] 1.9
d[17,2] 1.6
d[17,3] 1.7
d[18,1] 1.7
d[18,2] 1.6
d[18,3] 1.9
d[19,1] 1
d[19,2] 1
d[19,3] 1
delta[0,1] 1
delta[0,2] 1
delta[0,3] 1
delta[1,3] 1
delta[2,1] 1
delta[3,1] 1
delta[3,2] 1
delta[3,3] 1
delta[4,1] 1
delta[5,3] 1
delta[6,2] 1
delta[7,1] 1
delta[8,1] 1
delta[9,3] 1
delta[10,1] 1
delta[10,2] 1
delta[12,1] 1
delta[12,2] 1
delta[13,1] 1
delta[14,2] 1
delta[16,2] 1
delta[19,1] 1
delta[19,2] 1
delta[19,3] 1
p[0,1] 360
p[0,2] 420.705
p[0,3] 360
p[1,2] 470.556
p[2,3] 505.722
p[3,1] 397.764
p[4,3] 571.358
p[5,3] 433.352
p[6,1] 476.919
p[7,1] 429.479
p[8,1] 423.775
p[9,3] 1020.56
p[10,1] 963.168
p[11,2] 912.319
p[12,1] 1121.36
p[13,1] 966.558
p[14,2] 1026.92
p[15,3] 906.232
p[16,2] 973.775
p[17,1] 578.134
p[17,2] 550.318
p[17,3] 659.45
p[18,1] 809.624
p[18,2] 673.897
p[18,3] 715.45
p[19,1] 1335.63
p[19,2] 1150.97
p[19,3] 1174.13
s[0,1,1] 6
s[0,1,3] 16
s[0,2,1] 10
s[0,3,2] 4
s[0,3,3] 4
s[0,4,1] 4
s[0,6,2] 9
s[1,2,1] 20
s[1,2,2] 16
s[1,3,1] 10
s[1,3,2] 20
s[1,3,3] 4
s[1,4,1] 14
s[1,4,2] 10
s[1,5,1] 3
s[1,5,2] 9
s[1,6,2] 25
s[1,7,1] 3
s[1,7,2] 9
s[1,8,1] 6
s[1,8,2] 9
s[2,1,1] 6
s[2,1,2] 10
s[2,1,3] 29
s[2,3,2] 14
s[2,3,3] 17
s[2,4,1] 4
s[2,4,2] 4
s[2,5,2] 3
s[2,5,3] 13
s[2,6,2] 19
s[2,6,3] 12
s[2,7,2] 3
s[2,7,3] 6
s[2,8,2] 3
s[2,8,3] 6
s[3,1,1] 10
s[3,1,3] 16
s[3,2,1] 14
s[3,4,1] 8
s[3,6,2] 9
s[4,1,1] 6
s[4,1,2] 10
s[4,1,3] 33
s[4,2,1] 10
s[4,2,2] 10
s[4,2,3] 14
s[4,3,2] 14
s[4,3,3] 21
s[4,5,2] 3
s[4,5,3] 17
s[4,6,2] 19
s[4,6,3] 16
s[4,7,2] 3
s[4,7,3] 10
s[4,8,2] 3
s[4,8,3] 10
s[5,1,1] 16
s[5,1,2] 10
s[5,1,3] 19
s[5,2,1] 20
s[5,2,2] 10
s[5,3,1] 10
s[5,3,2] 14
s[5,3,3] 7
s[5,4,1] 14
s[5,4,2] 4
s[5,6,2] 19
s[5,6,3] 2
s[5,7,1] 3
s[5,7,2] 3
s[5,8,1] 6
s[5,8,2] 3
s[6,1,1] 25
s[6,1,3] 26
s[6,2,1] 29
s[6,2,3] 7
s[6,3,1] 19
s[6,3,2] 4
s[6,3,3] 14
s[6,4,1] 23
s[6,5,1] 12
s[6,5,3] 10
s[6,7,1] 12
s[6,7,3] 3
s[6,8,1] 15
s[6,8,3] 3
s[7,1,1] 16
s[7,1,2] 10
s[7,1,3] 26
s[7,2,1] 20
s[7,2,2] 10
s[7,2,3] 7
s[7,3,1] 10
s[7,3,2] 14
s[7,3,3] 14
s[7,4,1] 14
s[7,4,2] 4
s[7,5,1] 3
s[7,5,2] 3
s[7,5,3] 10
s[7,6,2] 19
s[7,6,3] 9
s[7,8,1] 6
s[7,8,2] 3
s[7,8,3] 3
s[8,1,1] 13
s[8,1,2] 10
s[8,1,3] 26
s[8,2,1] 17
s[8,2,2] 10
s[8,2,3] 7
s[8,3,1] 7
s[8,3,2] 14
s[8,3,3] 14
s[8,4,1] 11
s[8,4,2] 4
s[8,5,2] 3
s[8,5,3] 10
s[8,6,2] 19
s[8,6,3] 9
s[8,7,2] 3
s[8,7,3] 3
s[18,9,3] 3
s[18,10,2] 6
s[18,11,1] 3
s[18,11,3] 5
s[18,12,1] 13
s[18,12,2] 12
s[18,12,3] 5
s[18,13,1] 10
s[18,13,2] 3
s[18,13,3] 6
s[18,14,2] 7
s[18,15,1] 4
s[18,15,2] 3
s[18,16,1] 4
s[18,16,2] 4
s[18,16,3] 6
s[9,12,1] 6
s[9,12,2] 6
s[9,13,1] 3
s[9,14,2] 1
s[10,12,1] 3
s[11,10,2] 2
s[11,12,1] 6
s[11,12,2] 8
s[11,13,1] 3
s[11,14,2] 3
s[13,12,2] 6
s[13,14,2] 1
s[14,12,1] 6
s[14,13,1] 3
s[15,11,3] 2
s[15,12,1] 6
s[15,12,2] 6
s[15,12,3] 2
s[15,13,1] 3
s[15,13,3] 3
s[15,14,2] 1
s[15,16,3] 3
s[16,12,1] 6
s[16,12,2] 5
s[16,13,1] 3
s_tilde[0,1,1] 442
s_tilde[0,1,3] 442
s_tilde[0,2,1] 455
s_tilde[0,2,2] 455
s_tilde[0,3,2] 360
s_tilde[0,3,3] 360
s_tilde[0,4,1] 475
s_tilde[0,4,2] 475
s_tilde[0,5,1] 426
s_tilde[0,5,2] 426
s_tilde[0,6,2] 425
s_tilde[0,6,3] 425
s_tilde[0,7,2] 405
s_tilde[0,7,3] 405
s_tilde[0,8,2] 387
s_tilde[0,8,3] 387
s_tilde[1,2,1] 13
s_tilde[1,2,2] 475.214
s_tilde[1,3,2] 367.319
s_tilde[1,4,1] 33
s_tilde[1,4,2] 512.641
s_tilde[1,5,2] 446.362
s_tilde[1,6,2] 427.075
s_tilde[1,7,2] 406.525
s_tilde[1,8,2] 389.022
s_tilde[2,1,3] 452.107
s_tilde[2,3,3] 372.039
s_tilde[2,4,1] 20
s_tilde[2,4,2] 20
s_tilde[2,5,3] 2.52893
s_tilde[2,6,3] 434.704
s_tilde[2,7,3] 414.852
s_tilde[2,8,3] 397.924
s_tilde[3,1,1] 442
s_tilde[3,1,3] 82
s_tilde[3,2,1] 455
s_tilde[3,2,2] 95
s_tilde[3,4,1] 475
s_tilde[3,4,2] 115
s_tilde[3,5,1] 426
s_tilde[3,5,2] 66
s_tilde[3,6,2] 65
s_tilde[3,6,3] 65
s_tilde[3,7,2] 45
s_tilde[3,7,3] 45
s_tilde[3,8,2] 27
s_tilde[3,8,3] 27
s_tilde[4,1,3] 501.062
s_tilde[4,2,3] 50.4893
s_tilde[4,3,3] 415.482
s_tilde[4,5,3] 56.3889
s_tilde[4,6,3] 485.241
s_tilde[4,7,3] 465.025
s_tilde[4,8,3] 446.081
s_tilde[5,1,1] 16
s_tilde[5,1,3] 442
s_tilde[5,2,1] 29
s_tilde[5,2,2] 29
s_tilde[5,3,3] 360
s_tilde[5,4,1] 49
s_tilde[5,4,2] 49
s_tilde[5,6,3] 425
s_tilde[5,7,3] 405
s_tilde[5,8,3] 387
s_tilde[6,1,1] 445.113
s_tilde[6,1,3] 17
s_tilde[6,2,1] 484.111
s_tilde[6,2,2] 30
s_tilde[6,3,1] 14.0898
s_tilde[6,4,1] 532.979
s_tilde[6,4,2] 50
s_tilde[6,5,1] 454.645
s_tilde[6,5,2] 1
s_tilde[6,7,1] 0.847133
s_tilde[6,8,1] 5.98013
s_tilde[7,1,1] 442
s_tilde[7,1,3] 37
s_tilde[7,2,1] 455
s_tilde[7,2,2] 50
s_tilde[7,4,1] 475
s_tilde[7,4,2] 70
s_tilde[7,5,1] 426
s_tilde[7,5,2] 21
s_tilde[7,6,2] 20
s_tilde[7,6,3] 20
s_tilde[8,1,1] 442
s_tilde[8,1,3] 55
s_tilde[8,2,1] 455
s_tilde[8,2,2] 68
s_tilde[8,4,1] 475
s_tilde[8,4,2] 88
s_tilde[8,5,1] 426
s_tilde[8,5,2] 39
s_tilde[8,6,2] 38
s_tilde[8,6,3] 38
s_tilde[8,7,2] 18
s_tilde[8,7,3] 18
s_tilde[18,9,1] 978.448
s_tilde[18,9,2] 945.057
s_tilde[18,9,3] 4.97746
s_tilde[18,10,2] 936.103
s_tilde[18,10,3] 984.708
s_tilde[18,11,1] 945.254
s_tilde[18,11,3] 978.532
s_tilde[18,12,1] 86.7644
s_tilde[18,12,2] 1165.47
s_tilde[18,12,3] 1251.26
s_tilde[18,13,1] 2.14044
s_tilde[18,13,2] 914.937
s_tilde[18,13,3] 964.46
s_tilde[18,14,1] 1025.78
s_tilde[18,14,3] 1054.07
s_tilde[18,15,1] 844.232
s_tilde[18,15,2] 816.158
s_tilde[18,16,1] 971.907
s_tilde[18,16,2] 6.60305
s_tilde[18,16,3] 1010.8
s_tilde[11,19,2] 19.56
s_tilde[15,19,3] 17.3754
s_tilde[9,10,2] 29
s_tilde[9,10,3] 1036.66
s_tilde[9,11,3] 977.662
s_tilde[9,12,2] 184
s_tilde[9,12,3] 1191.66
s_tilde[9,13,2] 6
s_tilde[9,13,3] 1013.66
s_tilde[9,14,1] 68
s_tilde[9,14,3] 1075.66
s_tilde[9,15,3] 42.8715
s_tilde[9,16,3] 984.662
s_tilde[10,9,1] 934.168
s_tilde[10,11,1] 904.168
s_tilde[10,12,2] 155
s_tilde[10,12,3] 155
s_tilde[10,14,1] 1002.17
s_tilde[10,14,3] 39
s_tilde[10,15,1] 837.168
s_tilde[10,16,1] 911.168
s_tilde[11,9,1] 30
s_tilde[11,9,2] 955.663
s_tilde[11,10,2] 983.482
s_tilde[11,10,3] 59
s_tilde[11,12,2] 1150.46
s_tilde[11,12,3] 214
s_tilde[11,13,2] 959.809
s_tilde[11,13,3] 36
s_tilde[11,14,1] 98
s_tilde[11,14,3] 98
s_tilde[11,15,2] 867.32
s_tilde[11,16,1] 7
s_tilde[11,16,3] 7
s_tilde[12,9,1] 934.168
s_tilde[12,11,1] 904.168
s_tilde[12,14,1] 1002.17
s_tilde[12,15,1] 837.168
s_tilde[12,16,1] 911.168
s_tilde[13,9,1] 934.168
s_tilde[13,10,2] 23
s_tilde[13,10,3] 23
s_tilde[13,11,1] 904.168
s_tilde[13,12,2] 178
s_tilde[13,12,3] 178
s_tilde[13,14,1] 1002.17
s_tilde[13,14,3] 62
s_tilde[13,15,1] 837.168
s_tilde[13,16,1] 911.168
s_tilde[14,9,2] 952.561
s_tilde[14,10,2] 981.561
s_tilde[14,11,2] 10.2427
s_tilde[14,12,2] 1136.56
s_tilde[14,12,3] 116
s_tilde[14,13,2] 958.561
s_tilde[14,15,2] 855.561
s_tilde[15,9,1] 97
s_tilde[15,9,2] 97
s_tilde[15,10,2] 126
s_tilde[15,10,3] 1033.07
s_tilde[15,11,1] 67
s_tilde[15,11,3] 1000.8
s_tilde[15,12,2] 281
s_tilde[15,12,3] 1281.55
s_tilde[15,13,2] 103
s_tilde[15,13,3] 1011.34
s_tilde[15,14,1] 165
s_tilde[15,14,3] 1102.63
s_tilde[15,16,1] 74
s_tilde[15,16,3] 1036.94
s_tilde[16,9,1] 23
s_tilde[16,9,2] 952.561
s_tilde[16,10,2] 981.561
s_tilde[16,10,3] 52
s_tilde[16,11,2] 10.2427
s_tilde[16,12,2] 1136.56
s_tilde[16,12,3] 207
s_tilde[16,13,2] 958.561
s_tilde[16,13,3] 29
s_tilde[16,14,1] 91
s_tilde[16,14,3] 91
s_tilde[16,15,2] 855.561
p_active[1] 470.556
p_active[2] 505.722
p_active[3] 397.764
p_active[4] 571.358
p_active[5] 433.352
p_active[6] 476.919
p_active[7] 429.479
p_active[8] 423.775
p_active[9] 1020.56
p_active[10] 963.168
p_active[11] 912.319
p_active[12] 1121.36
p_active[13] 966.558
p_active[14] 1026.92
p_active[15] 906.232
p_active[16] 973.775
vehiclecosts 1556.51
route_duration_pickup[1] 107.07
route_duration_pickup[2] 99.7023
route_duration_pickup[3] 184.09
route_duration_delivery[1] 462.779
route_duration_delivery[2] 377.427
route_duration_delivery[3] 325.441
vehicle 1 pick-up route [0, 3, 8, 7, 6, 17]
vehicle 2 pick-up route [0, 1, 17]
vehicle 3 pick-up route [0, 5, 2, 4, 17]
vehicle 1 delivery route [18, 10, 13, 12, 19]
vehicle 2 delivery route [18, 11, 16, 14, 19]
vehicle 3 delivery route [18, 15, 9, 19]

Process finished with exit code 0
