C:\Users\gkiotsalitisk\AppData\Local\Programs\Python\Python37\python.exe "C:/Users/gkiotsalitisk/Desktop/Files/Directories/PAPERS Utwente/Submitted/2021_Amalia/code_v4reform_conditionals.py"
[  4  20   6  22  60  10   1   2 480 550   0   0]
rho 0.5 gamma 0.1
4 2 20 {1: 480, 2: 480} 10 1
[[      0  677908 6150220  677908 6150220       0]
 [      1  538181 6086484  720415 6176264      16]
 [      2  588257 6139249  711815 6208837      10]
 [      3  528913 6152557  710831 6168718       4]
 [      4  500074 6269745  662179 6199594       4]] [[ 823  943  442  562]
 [ 852  972  455  575]
 [ 793  913  360  471]
 [1007 1127  475  595]] length 4
{1: 720415, 2: 711815, 3: 710831, 4: 662179, 5: 538181, 6: 588257, 7: 528913, 8: 500074, 0: 677908, 9: 677908, 10: 677908, 11: 677908}
{1: 6176264, 2: 6208837, 3: 6168718, 4: 6199594, 5: 6086484, 6: 6139249, 7: 6152557, 8: 6269745, 0: 6150220, 9: 6150220, 10: 6150220, 11: 6150220}
{1: 16, 2: 10, 3: 4, 4: 4, 5: 16, 6: 10, 7: 4, 8: 4, 0: 0, 9: 0, 10: 0, 11: 0}
e_bound {1: 442, 2: 455, 3: 360, 4: 475, 5: 823, 6: 852, 7: 793, 8: 1007, 0: 360, 9: 360, 10: 360, 11: 360}
{1: 562, 2: 575, 3: 471, 4: 595, 5: 943, 6: 972, 7: 913, 8: 1127, 0: 1320, 9: 1320, 10: 1320, 11: 1320}
{(0, 0): 0.0, (0, 1): 49.85112822193696, (0, 2): 67.71733410287206, (0, 3): 37.763738334545216, (0, 4): 51.81885098108603, (0, 5): 153.57705631050493, (0, 6): 90.31979097628604, (0, 7): 149.01332690065007, (0, 8): 214.26888990471764, (0, 9): 0.0, (0, 10): 0.0, (0, 11): 0.0, (1, 0): 49.85112822193696, (1, 1): 0.0, (1, 2): 33.689172281313176, (1, 3): 12.198162648530312, (1, 4): 62.73532175736409, (1, 5): 203.14940107221582, (1, 6): 137.24375100163942, (1, 7): 192.9638252445261, (1, 8): 239.35090065007066, (1, 9): 49.85112822193696, (1, 10): 49.85112822193696, (1, 11): 49.85112822193696, (2, 0): 67.71733410287206, (2, 1): 33.689172281313176, (2, 2): 0.0, (2, 3): 40.13106548548144, (2, 4): 50.48926168008401, (2, 5): 212.41238797443054, (2, 6): 141.8064494584079, (2, 7): 191.36504384030016, (2, 8): 220.32711032689556, (2, 9): 67.71733410287206, (2, 10): 67.71733410287206, (2, 11): 67.71733410287206, (3, 0): 37.763738334545216, (3, 1): 12.198162648530312, (3, 2): 40.13106548548144, (3, 3): 0.0, (3, 4): 57.622430354854004, (3, 5): 191.23402745327516, (3, 6): 126.0666785356067, (3, 7): 182.6344344448768, (3, 8): 233.7198489174593, (3, 9): 37.763738334545216, (3, 10): 37.763738334545216, (3, 11): 37.763738334545216, (4, 0): 51.81885098108603, (4, 1): 62.73532175736409, (4, 2): 50.48926168008401, (4, 3): 57.622430354854004, (4, 4): 0.0, (4, 5): 167.83735014590764, (4, 6): 95.42526452150919, (4, 7): 141.32340968501998, (4, 8): 176.63293528105115, (4, 9): 51.81885098108603, (4, 10): 51.81885098108603, (4, 11): 51.81885098108603, (5, 0): 153.57705631050493, (5, 1): 203.14940107221582, (5, 2): 212.41238797443054, (5, 3): 191.23402745327516, (5, 4): 167.83735014590764, (5, 5): 0.0, (5, 6): 72.74442247347902, (5, 7): 66.71984077469011, (5, 8): 187.1810288731206, (5, 9): 153.57705631050493, (5, 10): 153.57705631050493, (5, 11): 153.57705631050493, (6, 0): 90.31979097628604, (6, 1): 137.24375100163942, (6, 2): 141.8064494584079, (6, 3): 126.0666785356067, (6, 4): 95.42526452150919, (6, 5): 72.74442247347902, (6, 6): 0.0, (6, 7): 60.81786908466952, (6, 8): 157.497452376221, (6, 9): 90.31979097628604, (6, 10): 90.31979097628604, (6, 11): 90.31979097628604, (7, 0): 149.01332690065007, (7, 1): 192.9638252445261, (7, 2): 191.36504384030016, (7, 3): 182.6344344448768, (7, 4): 141.32340968501998, (7, 5): 66.71984077469011, (7, 6): 60.81786908466952, (7, 7): 0.0, (7, 8): 120.6843621394255, (7, 9): 149.01332690065007, (7, 10): 149.01332690065007, (7, 11): 149.01332690065007, (8, 0): 214.26888990471764, (8, 1): 239.35090065007066, (8, 2): 220.32711032689556, (8, 3): 233.7198489174593, (8, 4): 176.63293528105115, (8, 5): 187.1810288731206, (8, 6): 157.497452376221, (8, 7): 120.6843621394255, (8, 8): 0.0, (8, 9): 214.26888990471764, (8, 10): 214.26888990471764, (8, 11): 214.26888990471764, (9, 0): 0.0, (9, 1): 49.85112822193696, (9, 2): 67.71733410287206, (9, 3): 37.763738334545216, (9, 4): 51.81885098108603, (9, 5): 153.57705631050493, (9, 6): 90.31979097628604, (9, 7): 149.01332690065007, (9, 8): 214.26888990471764, (9, 9): 0.0, (9, 10): 0.0, (9, 11): 0.0, (10, 0): 0.0, (10, 1): 49.85112822193696, (10, 2): 67.71733410287206, (10, 3): 37.763738334545216, (10, 4): 51.81885098108603, (10, 5): 153.57705631050493, (10, 6): 90.31979097628604, (10, 7): 149.01332690065007, (10, 8): 214.26888990471764, (10, 9): 0.0, (10, 10): 0.0, (10, 11): 0.0, (11, 0): 0.0, (11, 1): 49.85112822193696, (11, 2): 67.71733410287206, (11, 3): 37.763738334545216, (11, 4): 51.81885098108603, (11, 5): 153.57705631050493, (11, 6): 90.31979097628604, (11, 7): 149.01332690065007, (11, 8): 214.26888990471764, (11, 9): 0.0, (11, 10): 0.0, (11, 11): 0.0} {(0, 0): 0.0, (0, 1): 49.85112822193696, (0, 2): 67.71733410287206, (0, 3): 37.763738334545216, (0, 4): 51.81885098108603, (0, 5): 153.57705631050493, (0, 6): 90.31979097628604, (0, 7): 149.01332690065007, (0, 8): 214.26888990471764, (0, 9): 0.0, (0, 10): 0.0, (0, 11): 0.0, (1, 0): 49.85112822193696, (1, 1): 0.0, (1, 2): 33.689172281313176, (1, 3): 12.198162648530312, (1, 4): 62.73532175736409, (1, 5): 203.14940107221582, (1, 6): 137.24375100163942, (1, 7): 192.9638252445261, (1, 8): 239.35090065007066, (1, 9): 49.85112822193696, (1, 10): 49.85112822193696, (1, 11): 49.85112822193696, (2, 0): 67.71733410287206, (2, 1): 33.689172281313176, (2, 2): 0.0, (2, 3): 40.13106548548144, (2, 4): 50.48926168008401, (2, 5): 212.41238797443054, (2, 6): 141.8064494584079, (2, 7): 191.36504384030016, (2, 8): 220.32711032689556, (2, 9): 67.71733410287206, (2, 10): 67.71733410287206, (2, 11): 67.71733410287206, (3, 0): 37.763738334545216, (3, 1): 12.198162648530312, (3, 2): 40.13106548548144, (3, 3): 0.0, (3, 4): 57.622430354854004, (3, 5): 191.23402745327516, (3, 6): 126.0666785356067, (3, 7): 182.6344344448768, (3, 8): 233.7198489174593, (3, 9): 37.763738334545216, (3, 10): 37.763738334545216, (3, 11): 37.763738334545216, (4, 0): 51.81885098108603, (4, 1): 62.73532175736409, (4, 2): 50.48926168008401, (4, 3): 57.622430354854004, (4, 4): 0.0, (4, 5): 167.83735014590764, (4, 6): 95.42526452150919, (4, 7): 141.32340968501998, (4, 8): 176.63293528105115, (4, 9): 51.81885098108603, (4, 10): 51.81885098108603, (4, 11): 51.81885098108603, (5, 0): 153.57705631050493, (5, 1): 203.14940107221582, (5, 2): 212.41238797443054, (5, 3): 191.23402745327516, (5, 4): 167.83735014590764, (5, 5): 0.0, (5, 6): 72.74442247347902, (5, 7): 66.71984077469011, (5, 8): 187.1810288731206, (5, 9): 153.57705631050493, (5, 10): 153.57705631050493, (5, 11): 153.57705631050493, (6, 0): 90.31979097628604, (6, 1): 137.24375100163942, (6, 2): 141.8064494584079, (6, 3): 126.0666785356067, (6, 4): 95.42526452150919, (6, 5): 72.74442247347902, (6, 6): 0.0, (6, 7): 60.81786908466952, (6, 8): 157.497452376221, (6, 9): 90.31979097628604, (6, 10): 90.31979097628604, (6, 11): 90.31979097628604, (7, 0): 149.01332690065007, (7, 1): 192.9638252445261, (7, 2): 191.36504384030016, (7, 3): 182.6344344448768, (7, 4): 141.32340968501998, (7, 5): 66.71984077469011, (7, 6): 60.81786908466952, (7, 7): 0.0, (7, 8): 120.6843621394255, (7, 9): 149.01332690065007, (7, 10): 149.01332690065007, (7, 11): 149.01332690065007, (8, 0): 214.26888990471764, (8, 1): 239.35090065007066, (8, 2): 220.32711032689556, (8, 3): 233.7198489174593, (8, 4): 176.63293528105115, (8, 5): 187.1810288731206, (8, 6): 157.497452376221, (8, 7): 120.6843621394255, (8, 8): 0.0, (8, 9): 214.26888990471764, (8, 10): 214.26888990471764, (8, 11): 214.26888990471764, (9, 0): 0.0, (9, 1): 49.85112822193696, (9, 2): 67.71733410287206, (9, 3): 37.763738334545216, (9, 4): 51.81885098108603, (9, 5): 153.57705631050493, (9, 6): 90.31979097628604, (9, 7): 149.01332690065007, (9, 8): 214.26888990471764, (9, 9): 0.0, (9, 10): 0.0, (9, 11): 0.0, (10, 0): 0.0, (10, 1): 49.85112822193696, (10, 2): 67.71733410287206, (10, 3): 37.763738334545216, (10, 4): 51.81885098108603, (10, 5): 153.57705631050493, (10, 6): 90.31979097628604, (10, 7): 149.01332690065007, (10, 8): 214.26888990471764, (10, 9): 0.0, (10, 10): 0.0, (10, 11): 0.0, (11, 0): 0.0, (11, 1): 49.85112822193696, (11, 2): 67.71733410287206, (11, 3): 37.763738334545216, (11, 4): 51.81885098108603, (11, 5): 153.57705631050493, (11, 6): 90.31979097628604, (11, 7): 149.01332690065007, (11, 8): 214.26888990471764, (11, 9): 0.0, (11, 10): 0.0, (11, 11): 0.0}
P [1, 2, 3, 4]
D [5, 6, 7, 8]
V [0, 1, 2, 3, 4, 5, 6, 7, 8, 9, 10, 11]
PcupD [1, 2, 3, 4, 5, 6, 7, 8]
A [(0, 1), (0, 2), (0, 3), (0, 4), (1, 9), (2, 9), (3, 9), (4, 9), (1, 2), (1, 3), (1, 4), (2, 1), (2, 3), (2, 4), (3, 1), (3, 2), (3, 4), (4, 1), (4, 2), (4, 3), (10, 5), (10, 6), (10, 7), (10, 8), (5, 11), (6, 11), (7, 11), (8, 11), (5, 6), (5, 7), (5, 8), (6, 5), (6, 7), (6, 8), (7, 5), (7, 6), (7, 8), (8, 5), (8, 6), (8, 7)]
active_t [[  0.          49.85112822  67.7173341   37.76373833  51.81885098
    0.           0.           0.           0.           0.
    0.           0.        ]
 [  0.           0.          33.68917228  12.19816265  62.73532176
    0.           0.           0.           0.          49.85112822
    0.           0.        ]
 [  0.          33.68917228   0.          40.13106549  50.48926168
    0.           0.           0.           0.          67.7173341
    0.           0.        ]
 [  0.          12.19816265  40.13106549   0.          57.62243035
    0.           0.           0.           0.          37.76373833
    0.           0.        ]
 [  0.          62.73532176  50.48926168  57.62243035   0.
    0.           0.           0.           0.          51.81885098
    0.           0.        ]
 [  0.           0.           0.           0.           0.
    0.          72.74442247  66.71984077 187.18102887   0.
    0.         153.57705631]
 [  0.           0.           0.           0.           0.
   72.74442247   0.          60.81786908 157.49745238   0.
    0.          90.31979098]
 [  0.           0.           0.           0.           0.
   66.71984077  60.81786908   0.         120.68436214   0.
    0.         149.0133269 ]
 [  0.           0.           0.           0.           0.
  187.18102887 157.49745238 120.68436214   0.           0.
    0.         214.2688899 ]
 [  0.           0.           0.           0.           0.
    0.           0.           0.           0.           0.
    0.           0.        ]
 [  0.           0.           0.           0.           0.
  153.57705631  90.31979098 149.0133269  214.2688899    0.
    0.           0.        ]
 [  0.           0.           0.           0.           0.
    0.           0.           0.           0.           0.
    0.           0.        ]]
Using license file C:\Users\gkiotsalitisk\gurobi.lic
Academic license - for non-commercial use only
q {1: 16, 2: 10, 3: 4, 4: 4, 5: 16, 6: 10, 7: 4, 8: 4, 0: 0, 9: 0, 10: 0, 11: 0}
Changed value of parameter NodefileStart to 0.5
   Prev: inf  Min: 0.0  Max: inf  Default: inf
Gurobi Optimizer version 9.0.3 build v9.0.3rc0 (win64)
Optimize a model with 1091 rows, 521 columns and 3181 nonzeros
Model fingerprint: 0x782c88ff
Variable types: 397 continuous, 124 integer (124 binary)
Coefficient statistics:
  Matrix range     [1e-04, 1e+04]
  Objective range  [1e+01, 2e+02]
  Bounds range     [1e+00, 1e+00]
  RHS range        [1e+00, 1e+04]
Presolve removed 552 rows and 260 columns
Presolve time: 0.01s
Presolved: 539 rows, 261 columns, 2090 nonzeros
Variable types: 186 continuous, 75 integer (75 binary)

Root relaxation: objective 1.096921e+03, 154 iterations, 0.00 seconds

    Nodes    |    Current Node    |     Objective Bounds      |     Work
 Expl Unexpl |  Obj  Depth IntInf | Incumbent    BestBd   Gap | It/Node Time

     0     0 1096.92058    0   35          - 1096.92058      -     -    0s
H    0     0                    1101.2348332 1096.92058  0.39%     -    0s
     0     0     cutoff    0      1101.23483 1101.23483  0.00%     -    0s

Cutting planes:
  Learned: 6
  Cover: 9
  Implied bound: 30
  Clique: 16
  MIR: 35
  Zero half: 2
  RLT: 3
  Relax-and-lift: 9

Explored 1 nodes (288 simplex iterations) in 0.07 seconds
Thread count was 8 (of 8 available processors)

Solution count 1: 1101.23 

Optimal solution found (tolerance 1.00e-04)
Best objective 1.101234833212e+03, best bound 1.101234833212e+03, gap 0.0000%

    Variable            X 
-------------------------
    x[0,2,2]            1 
    x[0,3,1]            1 
    x[1,9,1]            1 
    x[4,9,2]            1 
    x[2,4,2]            1 
    x[3,1,1]            1 
   x[10,6,1]            1 
   x[10,7,2]            1 
   x[5,11,2]            1 
   x[8,11,1]            1 
    x[6,8,1]            1 
    x[7,5,2]            1 
        w[1]      719.766 
        w[2]      621.295 
        r[1]      535.357 
        r[2]      442.992 
        r[3]          550 
        r[4]          550 
      u[0,1]          360 
      u[0,2]          360 
      u[1,1]      541.444 
      u[1,2]          562 
      u[2,1]          575 
      u[2,2]      494.987 
      u[3,1]       420.05 
      u[3,2]          360 
      u[4,1]          475 
      u[4,2]      545.476 
      u[5,1]          823 
      u[5,2]      867.029 
      u[6,1]          852 
      u[6,2]          852 
      u[7,1]          793 
      u[7,2]      800.309 
      u[8,1]       1009.5 
      u[8,2]         1007 
      u[9,1]      591.295 
      u[9,2]      597.295 
     u[10,1]      743.766 
     u[10,2]      651.295 
     u[11,1]      1223.77 
     u[11,2]      1020.61 
    eta[1,1]            1 
    eta[2,2]            1 
    eta[3,1]            1 
    eta[4,2]            1 
  theta[1,2]            1 
  theta[2,1]            1 
  theta[3,2]            1 
  theta[4,1]            1 
    eta_k[1]            1 
    eta_k[2]            1 
  theta_k[1]            1 
  theta_k[2]            1 
      tau[1]      621.295 
      tau[2]      621.295 
        z[1]      621.295 
        z[2]      621.295 
        z[3]      621.295 
        z[4]      621.295 
      v[1,1]           20 
      v[1,2]           10 
      v[2,2]           10 
      v[3,1]            4 
      v[3,2]           10 
      v[4,1]           10 
      v[4,2]           14 
      v[6,1]            4 
      v[6,2]            4 
      v[7,1]           10 
      v[7,2]           16 
      v[8,2]           10 
      v[9,1]           20 
      v[9,2]           14 
     v[10,1]           14 
     v[10,2]           20 
     v[11,1]           10 
     v[11,2]           10 
      g[1,1]           10 
      g[4,2]            4 
      g[7,2]            6 
      g[9,1]           10 
      g[9,2]            4 
     g[10,1]            4 
     g[10,2]           10 
      d[0,1]            1 
      d[0,2]            1 
      d[1,1]            2 
      d[1,2]            1 
      d[2,1]            1 
      d[2,2]            1 
      d[3,1]            1 
      d[3,2]            1 
      d[4,1]            1 
      d[4,2]          1.4 
      d[5,1]            1 
      d[5,2]            1 
      d[6,1]            1 
      d[6,2]            1 
      d[7,1]            1 
      d[7,2]          1.6 
      d[8,1]            1 
      d[8,2]            1 
      d[9,1]            2 
      d[9,2]          1.4 
     d[10,1]          1.4 
     d[10,2]            2 
     d[11,1]            1 
     d[11,2]            1 
  delta[0,1]            1 
  delta[0,2]            1 
  delta[2,1]            1 
  delta[3,1]            1 
  delta[4,1]            1 
  delta[5,1]            1 
  delta[5,2]            1 
  delta[6,1]            1 
  delta[6,2]            1 
  delta[8,1]            1 
 delta[11,1]            1 
 delta[11,2]            1 
      p[0,1]          360 
      p[0,2]          360 
      p[1,1]      541.444 
      p[2,2]      494.987 
      p[3,1]       420.05 
      p[3,2]         9798 
      p[4,2]      545.476 
      p[5,2]       1076.8 
      p[6,1]      937.979 
      p[7,2]       970.05 
      p[8,1]      1095.48 
      p[9,1]      641.146 
      p[9,2]      618.023 
     p[10,1]      793.617 
     p[10,2]      672.023 
     p[11,1]      1309.75 
     p[11,2]      1230.38 
    s[0,1,1]           -4 
    s[0,1,2]            6 
    s[0,2,1]           10 
    s[0,3,2]           -6 
    s[0,4,1]           -6 
    s[0,4,2]          -10 
    s[1,9,2]           -4 
    s[2,9,1]          -20 
    s[2,9,2]           -4 
    s[3,9,1]          -16 
    s[3,9,2]           -4 
    s[4,9,1]          -10 
    s[1,2,1]           30 
    s[1,2,2]           10 
    s[1,3,1]           20 
    s[1,3,2]            4 
    s[1,4,1]           14 
    s[2,1,1]           -4 
    s[2,1,2]           16 
    s[2,3,2]            4 
    s[2,4,1]           -6 
    s[3,1,2]           16 
    s[3,2,1]           14 
    s[3,2,2]           10 
    s[3,4,1]           -2 
    s[4,1,1]            6 
    s[4,1,2]           20 
    s[4,2,1]           20 
    s[4,2,2]           14 
    s[4,3,1]           10 
    s[4,3,2]            8 
   s[10,5,1]           -2 
   s[10,5,2]            4 
   s[10,6,2]            6 
   s[10,8,1]           10 
   s[10,8,2]            6 
    s[5,6,1]          -14 
    s[5,6,2]          -14 
    s[5,7,1]          -14 
    s[5,7,2]          -20 
    s[5,8,1]           -4 
    s[5,8,2]          -14 
    s[6,5,1]          -12 
    s[6,5,2]          -12 
    s[6,7,1]          -10 
    s[6,7,2]          -16 
    s[6,8,2]          -10 
    s[7,5,1]           -6 
    s[7,6,1]           -4 
    s[7,6,2]            2 
    s[7,8,1]            6 
    s[7,8,2]            2 
    s[8,5,1]          -16 
    s[8,5,2]           -6 
    s[8,6,1]          -14 
    s[8,6,2]           -4 
    s[8,7,1]          -14 
    s[8,7,2]          -10 
s_tilde[0,1,2]          562 
s_tilde[0,2,1]          575 
s_tilde[0,3,2]        -9438 
s_tilde[0,4,1]          475 
s_tilde[1,9,2]     -582.728 
s_tilde[2,9,1]     -624.851 
s_tilde[2,9,2]     -20.7275 
s_tilde[3,9,1]     -49.8511 
s_tilde[3,9,2]      9417.27 
s_tilde[4,9,1]     -524.851 
s_tilde[1,2,1]      608.689 
s_tilde[1,2,2]         -562 
s_tilde[1,3,1]      12.1982 
s_tilde[1,3,2]       -10000 
s_tilde[1,4,1]      537.735 
s_tilde[1,4,2]         -562 
s_tilde[2,1,1]         -575 
s_tilde[2,1,2]          562 
s_tilde[2,3,1]         -575 
s_tilde[2,3,2]        -9438 
s_tilde[2,4,1]         -100 
s_tilde[3,1,2]        10000 
s_tilde[3,2,1]          575 
s_tilde[3,2,2]         9438 
s_tilde[3,4,1]          475 
s_tilde[3,4,2]         9438 
s_tilde[4,1,1]         -475 
s_tilde[4,1,2]      587.094 
s_tilde[4,2,1]          100 
s_tilde[4,2,2]      20.1957 
s_tilde[4,3,1]         -475 
s_tilde[4,3,2]     -9414.95 
s_tilde[10,5,1]      934.282 
s_tilde[10,5,2]     -35.4682 
s_tilde[10,6,2]      963.047 
s_tilde[10,7,1]      902.456 
s_tilde[10,8,1]      49.5796 
s_tilde[10,8,2]         1242 
s_tilde[5,11,1]     -908.979 
s_tilde[6,11,2]     -1061.77 
s_tilde[7,11,1]     -878.979 
s_tilde[7,11,2]      49.3761 
s_tilde[8,11,2]     -1216.77 
s_tilde[5,6,1]     -908.979 
s_tilde[5,6,2]      1061.77 
s_tilde[5,7,1]          -30 
s_tilde[5,7,2]      40.0319 
s_tilde[5,8,1]     -908.979 
s_tilde[5,8,2]      1216.77 
s_tilde[6,5,1]      908.979 
s_tilde[6,5,2]     -1061.77 
s_tilde[6,7,1]      878.979 
s_tilde[6,7,2]     -1021.74 
s_tilde[6,8,2]          155 
s_tilde[7,5,1]           30 
s_tilde[7,6,1]     -878.979 
s_tilde[7,6,2]      1058.23 
s_tilde[7,8,1]     -878.979 
s_tilde[7,8,2]      1249.15 
s_tilde[8,5,1]      908.979 
s_tilde[8,5,2]     -1216.77 
s_tilde[8,6,2]         -155 
s_tilde[8,7,1]      878.979 
s_tilde[8,7,2]     -1176.74 
sigma[0,1,2]     -541.444 
sigma[0,2,1]     -494.987 
sigma[0,3,2]      9377.95 
sigma[0,4,1]     -545.476 
sigma[1,2,1]     -494.987 
sigma[1,3,2]      9377.95 
sigma[1,4,1]     -545.476 
sigma[2,1,2]     -541.444 
sigma[2,3,2]      9377.95 
sigma[2,4,1]     -545.476 
sigma[3,1,2]     -541.444 
sigma[3,2,1]     -494.987 
sigma[3,4,1]     -545.476 
sigma[4,1,2]     -541.444 
sigma[4,2,1]     -494.987 
sigma[4,3,2]      9377.95 
sigma[10,5,1]      -1076.8 
sigma[10,6,2]     -937.979 
sigma[10,7,1]      -970.05 
sigma[10,8,2]     -1095.48 
sigma[5,6,2]     -937.979 
sigma[5,7,1]      -970.05 
sigma[5,8,2]     -1095.48 
sigma[6,5,1]      -1076.8 
sigma[6,7,1]      -970.05 
sigma[6,8,2]     -1095.48 
sigma[7,5,1]      -1076.8 
sigma[7,6,2]     -937.979 
sigma[7,8,2]     -1095.48 
sigma[8,5,1]      -1076.8 
sigma[8,6,2]     -937.979 
sigma[8,7,1]      -970.05 
 p_active[1]      541.444 
 p_active[2]      494.987 
 p_active[3]       420.05 
 p_active[4]      545.476 
 p_active[5]       1076.8 
 p_active[6]      937.979 
 p_active[7]       970.05 
 p_active[8]      1095.48 
vehiclecosts      1101.23 
route_duration_pickup[1]       99.813 
route_duration_pickup[2]      170.025 
route_duration_delivery[1]      462.086 
route_duration_delivery[2]       369.31 
2 optimal
Obj: 1101.23
x[0,2,2] 1
x[0,3,1] 1
x[1,9,1] 1
x[4,9,2] 1
x[2,4,2] 1
x[3,1,1] 1
x[10,6,1] 1
x[10,7,2] 1
x[5,11,2] 1
x[8,11,1] 1
x[6,8,1] 1
x[7,5,2] 1
w[1] 719.766
w[2] 621.295
r[1] 535.357
r[2] 442.992
r[3] 550
r[4] 550
u[0,1] 360
u[0,2] 360
u[1,1] 541.444
u[1,2] 562
u[2,1] 575
u[2,2] 494.987
u[3,1] 420.05
u[3,2] 360
u[4,1] 475
u[4,2] 545.476
u[5,1] 823
u[5,2] 867.029
u[6,1] 852
u[6,2] 852
u[7,1] 793
u[7,2] 800.309
u[8,1] 1009.5
u[8,2] 1007
u[9,1] 591.295
u[9,2] 597.295
u[10,1] 743.766
u[10,2] 651.295
u[11,1] 1223.77
u[11,2] 1020.61
eta[1,1] 1
eta[2,2] 1
eta[3,1] 1
eta[4,2] 1
theta[1,2] 1
theta[2,1] 1
theta[3,2] 1
theta[4,1] 1
eta_k[1] 1
eta_k[2] 1
theta_k[1] 1
theta_k[2] 1
tau[1] 621.295
tau[2] 621.295
z[1] 621.295
z[2] 621.295
z[3] 621.295
z[4] 621.295
v[1,1] 20
v[1,2] 10
v[2,2] 10
v[3,1] 4
v[3,2] 10
v[4,1] 10
v[4,2] 14
v[6,1] 4
v[6,2] 4
v[7,1] 10
v[7,2] 16
v[8,2] 10
v[9,1] 20
v[9,2] 14
v[10,1] 14
v[10,2] 20
v[11,1] 10
v[11,2] 10
g[1,1] 10
g[4,2] 4
g[7,2] 6
g[9,1] 10
g[9,2] 4
g[10,1] 4
g[10,2] 10
d[0,1] 1
d[0,2] 1
d[1,1] 2
d[1,2] 1
d[2,1] 1
d[2,2] 1
d[3,1] 1
d[3,2] 1
d[4,1] 1
d[4,2] 1.4
d[5,1] 1
d[5,2] 1
d[6,1] 1
d[6,2] 1
d[7,1] 1
d[7,2] 1.6
d[8,1] 1
d[8,2] 1
d[9,1] 2
d[9,2] 1.4
d[10,1] 1.4
d[10,2] 2
d[11,1] 1
d[11,2] 1
delta[0,1] 1
delta[0,2] 1
delta[2,1] 1
delta[3,1] 1
delta[4,1] 1
delta[5,1] 1
delta[5,2] 1
delta[6,1] 1
delta[6,2] 1
delta[8,1] 1
delta[11,1] 1
delta[11,2] 1
p[0,1] 360
p[0,2] 360
p[1,1] 541.444
p[2,2] 494.987
p[3,1] 420.05
p[3,2] 9798
p[4,2] 545.476
p[5,2] 1076.8
p[6,1] 937.979
p[7,2] 970.05
p[8,1] 1095.48
p[9,1] 641.146
p[9,2] 618.023
p[10,1] 793.617
p[10,2] 672.023
p[11,1] 1309.75
p[11,2] 1230.38
s[0,1,2] 6
s[0,2,1] 10
s[1,2,1] 30
s[1,2,2] 10
s[1,3,1] 20
s[1,3,2] 4
s[1,4,1] 14
s[2,1,2] 16
s[2,3,2] 4
s[3,1,2] 16
s[3,2,1] 14
s[3,2,2] 10
s[4,1,1] 6
s[4,1,2] 20
s[4,2,1] 20
s[4,2,2] 14
s[4,3,1] 10
s[4,3,2] 8
s[10,5,2] 4
s[10,6,2] 6
s[10,8,1] 10
s[10,8,2] 6
s[7,6,2] 2
s[7,8,1] 6
s[7,8,2] 2
s_tilde[0,1,1] 1.13687e-13
s_tilde[0,1,2] 562
s_tilde[0,2,1] 575
s_tilde[0,4,1] 475
s_tilde[3,9,2] 9417.27
s_tilde[1,2,1] 608.689
s_tilde[1,3,1] 12.1982
s_tilde[1,4,1] 537.735
s_tilde[2,1,2] 562
s_tilde[3,1,2] 10000
s_tilde[3,2,1] 575
s_tilde[3,2,2] 9438
s_tilde[3,4,1] 475
s_tilde[3,4,2] 9438
s_tilde[4,1,2] 587.094
s_tilde[4,2,1] 100
s_tilde[4,2,2] 20.1957
s_tilde[10,5,1] 934.282
s_tilde[10,6,2] 963.047
s_tilde[10,7,1] 902.456
s_tilde[10,8,1] 49.5796
s_tilde[10,8,2] 1242
s_tilde[7,11,2] 49.3761
s_tilde[5,6,2] 1061.77
s_tilde[5,7,2] 40.0319
s_tilde[5,8,2] 1216.77
s_tilde[6,5,1] 908.979
s_tilde[6,7,1] 878.979
s_tilde[6,8,2] 155
s_tilde[7,5,1] 30
s_tilde[7,6,2] 1058.23
s_tilde[7,8,2] 1249.15
s_tilde[8,5,1] 908.979
s_tilde[8,7,1] 878.979
sigma[0,3,2] 9377.95
sigma[1,3,2] 9377.95
sigma[2,3,2] 9377.95
sigma[4,3,2] 9377.95
p_active[1] 541.444
p_active[2] 494.987
p_active[3] 420.05
p_active[4] 545.476
p_active[5] 1076.8
p_active[6] 937.979
p_active[7] 970.05
p_active[8] 1095.48
vehiclecosts 1101.23
route_duration_pickup[1] 99.813
route_duration_pickup[2] 170.025
route_duration_delivery[1] 462.086
route_duration_delivery[2] 369.31
vehicle 1 pick-up route [0, 3, 1, 9]
vehicle 2 pick-up route [0, 2, 4, 9]
vehicle 1 delivery route [10, 6, 8, 11]
vehicle 2 delivery route [10, 7, 5, 11]

Process finished with exit code 0
