C:\Users\gkiotsalitisk\AppData\Local\Programs\Python\Python37\python.exe "C:/Users/gkiotsalitisk/Desktop/Files/Directories/PAPERS Utwente/Submitted/2021_Amalia/code_v4reform_conditionals.py"
[  7  20   6  22  60  10   1   3 480 550   0   0]
rho 0.5 gamma 0.1
7 3 20 {1: 480, 2: 480, 3: 480} 10 1
[[      0  677908 6150220  677908 6150220       0]
 [      1  538181 6086484  720415 6176264      16]
 [      2  588257 6139249  711815 6208837      10]
 [      3  528913 6152557  710831 6168718       4]
 [      4  500074 6269745  662179 6199594       4]
 [      5  585053 6140355  720134 6210199       3]
 [      6  557926 6181752  723050 6178505       9]
 [      7  609023 6077163  722462 6177770       3]] [[ 823  943  442  562]
 [ 852  972  455  575]
 [ 793  913  360  471]
 [1007 1127  475  595]
 [ 829  949  426  546]
 [ 891 1011  425  545]
 [ 726  846  405  525]] length 7
{1: 720415, 2: 711815, 3: 710831, 4: 662179, 5: 720134, 6: 723050, 7: 722462, 8: 538181, 9: 588257, 10: 528913, 11: 500074, 12: 585053, 13: 557926, 14: 609023, 0: 677908, 15: 677908, 16: 677908, 17: 677908}
{1: 6176264, 2: 6208837, 3: 6168718, 4: 6199594, 5: 6210199, 6: 6178505, 7: 6177770, 8: 6086484, 9: 6139249, 10: 6152557, 11: 6269745, 12: 6140355, 13: 6181752, 14: 6077163, 0: 6150220, 15: 6150220, 16: 6150220, 17: 6150220}
{1: 16, 2: 10, 3: 4, 4: 4, 5: 3, 6: 9, 7: 3, 8: 16, 9: 10, 10: 4, 11: 4, 12: 3, 13: 9, 14: 3, 0: 0, 15: 0, 16: 0, 17: 0}
e_bound {1: 442, 2: 455, 3: 360, 4: 475, 5: 426, 6: 425, 7: 405, 8: 823, 9: 852, 10: 793, 11: 1007, 12: 829, 13: 891, 14: 726, 0: 360, 15: 360, 16: 360, 17: 360}
{1: 562, 2: 575, 3: 471, 4: 595, 5: 546, 6: 545, 7: 525, 8: 943, 9: 972, 10: 913, 11: 1127, 12: 949, 13: 1011, 14: 846, 0: 1320, 15: 1320, 16: 1320, 17: 1320}
{(0, 0): 0.0, (0, 1): 49.85112822193696, (0, 2): 67.71733410287206, (0, 3): 37.763738334545216, (0, 4): 51.81885098108603, (0, 5): 73.35199736203506, (0, 6): 53.27139372120838, (0, 7): 52.38378962999909, (0, 8): 153.57705631050493, (0, 9): 90.31979097628604, (0, 10): 149.01332690065007, (0, 11): 214.26888990471764, (0, 12): 93.37756288316804, (0, 13): 124.0562265587665, (0, 14): 100.41149572633604, (0, 15): 0.0, (0, 16): 0.0, (0, 17): 0.0, (1, 0): 49.85112822193696, (1, 1): 0.0, (1, 2): 33.689172281313176, (1, 3): 12.198162648530312, (1, 4): 62.73532175736409, (1, 5): 33.9361633954105, (1, 6): 3.45909034285027, (1, 7): 2.5413077342187425, (1, 8): 203.14940107221582, (1, 9): 137.24375100163942, (1, 10): 192.9638252445261, (1, 11): 239.35090065007066, (1, 12): 140.04401924038027, (1, 13): 162.5816510710849, (1, 14): 149.09455343841373, (1, 15): 49.85112822193696, (1, 16): 49.85112822193696, (1, 17): 49.85112822193696, (2, 0): 67.71733410287206, (2, 1): 33.689172281313176, (2, 2): 0.0, (2, 3): 40.13106548548144, (2, 4): 50.48926168008401, (2, 5): 8.429757113938694, (2, 6): 32.3458722096035, (2, 7): 32.84078406493974, (2, 8): 212.41238797443054, (2, 9): 141.8064494584079, (2, 10): 191.36504384030016, (2, 11): 220.32711032689556, (2, 12): 144.07771849942657, (2, 13): 156.254348886679, (2, 14): 167.04561514748002, (2, 15): 67.71733410287206, (2, 16): 67.71733410287206, (2, 17): 67.71733410287206, (3, 0): 37.763738334545216, (3, 1): 12.198162648530312, (3, 2): 40.13106548548144, (3, 3): 0.0, (3, 4): 57.622430354854004, (3, 5): 42.5114004709325, (3, 6): 15.655329124614404, (3, 7): 14.738346752604242, (3, 8): 191.23402745327516, (3, 9): 126.0666785356067, (3, 10): 182.6344344448768, (3, 11): 233.7198489174593, (3, 12): 128.9362829191225, (3, 13): 153.45951968190178, (3, 14): 136.92036696196809, (3, 15): 37.763738334545216, (3, 16): 37.763738334545216, (3, 17): 37.763738334545216, (4, 0): 51.81885098108603, (4, 1): 62.73532175736409, (4, 2): 50.48926168008401, (4, 3): 57.622430354854004, (4, 4): 0.0, (4, 5): 58.91729839359574, (4, 6): 64.42068427143568, (4, 7): 64.11183248823886, (4, 8): 167.83735014590764, (4, 9): 95.42526452150919, (4, 10): 141.32340968501998, (4, 11): 176.63293528105115, (4, 12): 97.25059895445375, (4, 13): 105.76873343762796, (4, 14): 133.47250689561503, (4, 15): 51.81885098108603, (4, 16): 51.81885098108603, (4, 17): 51.81885098108603, (5, 0): 73.35199736203506, (5, 1): 33.9361633954105, (5, 2): 8.429757113938694, (5, 3): 42.5114004709325, (5, 4): 58.91729839359574, (5, 5): 0.0, (5, 6): 31.827860311368717, (5, 7): 32.51245338328069, (5, 8): 220.02794239368782, (5, 9): 149.75127922325072, (5, 10): 199.71998148658037, (5, 11): 227.97396718923852, (5, 12): 152.06926348542626, (5, 13): 164.68353613218292, (5, 14): 173.33271940692558, (5, 15): 73.35199736203506, (5, 16): 73.35199736203506, (5, 17): 73.35199736203506, (6, 0): 53.27139372120838, (6, 1): 3.45909034285027, (6, 2): 32.3458722096035, (6, 3): 15.655329124614404, (6, 4): 64.42068427143568, (6, 5): 31.827860311368717, (6, 6): 0.0, (6, 7): 0.9412592629026287, (6, 8): 206.5052338368207, (6, 9): 140.39297128061648, (6, 10): 195.86340513990865, (6, 11): 240.92121985412575, (6, 12): 143.1733023611595, (6, 13): 165.1559214348671, (6, 14): 152.55280296671052, (6, 15): 53.27139372120838, (6, 16): 53.27139372120838, (6, 17): 53.27139372120838, (7, 0): 52.38378962999909, (7, 1): 2.5413077342187425, (7, 2): 32.84078406493974, (7, 3): 14.738346752604242, (7, 4): 64.11183248823886, (7, 5): 32.51245338328069, (7, 6): 0.9412592629026287, (7, 7): 0.0, (7, 8): 205.65169767594918, (7, 9): 139.6239573497328, (7, 10): 195.1842994966552, (7, 11): 240.65706548738603, (7, 12): 142.41178148594307, (7, 13): 164.58417791513256, (7, 14): 151.62511391586816, (7, 15): 52.38378962999909, (7, 16): 52.38378962999909, (7, 17): 52.38378962999909, (8, 0): 153.57705631050493, (8, 1): 203.14940107221582, (8, 2): 212.41238797443054, (8, 3): 191.23402745327516, (8, 4): 167.83735014590764, (8, 5): 220.02794239368782, (8, 6): 206.5052338368207, (8, 7): 205.65169767594918, (8, 8): 0.0, (8, 9): 72.74442247347902, (8, 10): 66.71984077469011, (8, 11): 187.1810288731206, (8, 12): 71.4077658591837, (8, 13): 97.29263512208928, (8, 14): 71.45257171718873, (8, 15): 153.57705631050493, (8, 16): 153.57705631050493, (8, 17): 153.57705631050493, (9, 0): 90.31979097628604, (9, 1): 137.24375100163942, (9, 2): 141.8064494584079, (9, 3): 126.0666785356067, (9, 4): 95.42526452150919, (9, 5): 149.75127922325072, (9, 6): 140.39297128061648, (9, 7): 139.6239573497328, (9, 8): 72.74442247347902, (9, 9): 0.0, (9, 10): 60.81786908466952, (9, 11): 157.497452376221, (9, 12): 3.389520910099243, (9, 13): 52.21565445342996, (9, 14): 65.46677135768954, (9, 15): 90.31979097628604, (9, 16): 90.31979097628604, (9, 17): 90.31979097628604, (10, 0): 149.01332690065007, (10, 1): 192.9638252445261, (10, 2): 191.36504384030016, (10, 3): 182.6344344448768, (10, 4): 141.32340968501998, (10, 5): 199.71998148658037, (10, 6): 195.86340513990865, (10, 7): 195.1842994966552, (10, 8): 66.71984077469011, (10, 9): 60.81786908466952, (10, 10): 0.0, (10, 11): 120.6843621394255, (10, 12): 57.45074763656257, (10, 13): 41.1594727128519, (10, 14): 110.0084875634603, (10, 15): 149.01332690065007, (10, 16): 149.01332690065007, (10, 17): 149.01332690065007, (11, 0): 214.26888990471764, (11, 1): 239.35090065007066, (11, 2): 220.32711032689556, (11, 3): 233.7198489174593, (11, 4): 176.63293528105115, (11, 5): 227.97396718923852, (11, 6): 240.92121985412575, (11, 7): 240.65706548738603, (11, 8): 187.1810288731206, (11, 9): 157.497452376221, (11, 10): 120.6843621394255, (11, 11): 0.0, (11, 12): 154.80052500233973, (11, 13): 105.30727397953096, (11, 14): 221.2638952133854, (11, 15): 214.26888990471764, (11, 16): 214.26888990471764, (11, 17): 214.26888990471764, (12, 0): 93.37756288316804, (12, 1): 140.04401924038027, (12, 2): 144.07771849942657, (12, 3): 128.9362829191225, (12, 4): 97.25059895445375, (12, 5): 152.06926348542626, (12, 6): 143.1733023611595, (12, 7): 142.41178148594307, (12, 8): 71.4077658591837, (12, 9): 3.389520910099243, (12, 10): 57.45074763656257, (12, 11): 154.80052500233973, (12, 12): 0.0, (12, 13): 49.49328982801608, (12, 14): 67.58542567743434, (12, 15): 93.37756288316804, (12, 16): 93.37756288316804, (12, 17): 93.37756288316804, (13, 0): 124.0562265587665, (13, 1): 162.5816510710849, (13, 2): 156.254348886679, (13, 3): 153.45951968190178, (13, 4): 105.76873343762796, (13, 5): 164.68353613218292, (13, 6): 165.1559214348671, (13, 7): 164.58417791513256, (13, 8): 97.29263512208928, (13, 9): 52.21565445342996, (13, 10): 41.1594727128519, (13, 11): 105.30727397953096, (13, 12): 49.49328982801608, (13, 13): 0.0, (13, 14): 116.40344638368745, (13, 15): 124.0562265587665, (13, 16): 124.0562265587665, (13, 17): 124.0562265587665, (14, 0): 100.41149572633604, (14, 1): 149.09455343841373, (14, 2): 167.04561514748002, (14, 3): 136.92036696196809, (14, 4): 133.47250689561503, (14, 5): 173.33271940692558, (14, 6): 152.55280296671052, (14, 7): 151.62511391586816, (14, 8): 71.45257171718873, (14, 9): 65.46677135768954, (14, 10): 110.0084875634603, (14, 11): 221.2638952133854, (14, 12): 67.58542567743434, (14, 13): 116.40344638368745, (14, 14): 0.0, (14, 15): 100.41149572633604, (14, 16): 100.41149572633604, (14, 17): 100.41149572633604, (15, 0): 0.0, (15, 1): 49.85112822193696, (15, 2): 67.71733410287206, (15, 3): 37.763738334545216, (15, 4): 51.81885098108603, (15, 5): 73.35199736203506, (15, 6): 53.27139372120838, (15, 7): 52.38378962999909, (15, 8): 153.57705631050493, (15, 9): 90.31979097628604, (15, 10): 149.01332690065007, (15, 11): 214.26888990471764, (15, 12): 93.37756288316804, (15, 13): 124.0562265587665, (15, 14): 100.41149572633604, (15, 15): 0.0, (15, 16): 0.0, (15, 17): 0.0, (16, 0): 0.0, (16, 1): 49.85112822193696, (16, 2): 67.71733410287206, (16, 3): 37.763738334545216, (16, 4): 51.81885098108603, (16, 5): 73.35199736203506, (16, 6): 53.27139372120838, (16, 7): 52.38378962999909, (16, 8): 153.57705631050493, (16, 9): 90.31979097628604, (16, 10): 149.01332690065007, (16, 11): 214.26888990471764, (16, 12): 93.37756288316804, (16, 13): 124.0562265587665, (16, 14): 100.41149572633604, (16, 15): 0.0, (16, 16): 0.0, (16, 17): 0.0, (17, 0): 0.0, (17, 1): 49.85112822193696, (17, 2): 67.71733410287206, (17, 3): 37.763738334545216, (17, 4): 51.81885098108603, (17, 5): 73.35199736203506, (17, 6): 53.27139372120838, (17, 7): 52.38378962999909, (17, 8): 153.57705631050493, (17, 9): 90.31979097628604, (17, 10): 149.01332690065007, (17, 11): 214.26888990471764, (17, 12): 93.37756288316804, (17, 13): 124.0562265587665, (17, 14): 100.41149572633604, (17, 15): 0.0, (17, 16): 0.0, (17, 17): 0.0} {(0, 0): 0.0, (0, 1): 49.85112822193696, (0, 2): 67.71733410287206, (0, 3): 37.763738334545216, (0, 4): 51.81885098108603, (0, 5): 73.35199736203506, (0, 6): 53.27139372120838, (0, 7): 52.38378962999909, (0, 8): 153.57705631050493, (0, 9): 90.31979097628604, (0, 10): 149.01332690065007, (0, 11): 214.26888990471764, (0, 12): 93.37756288316804, (0, 13): 124.0562265587665, (0, 14): 100.41149572633604, (0, 15): 0.0, (0, 16): 0.0, (0, 17): 0.0, (1, 0): 49.85112822193696, (1, 1): 0.0, (1, 2): 33.689172281313176, (1, 3): 12.198162648530312, (1, 4): 62.73532175736409, (1, 5): 33.9361633954105, (1, 6): 3.45909034285027, (1, 7): 2.5413077342187425, (1, 8): 203.14940107221582, (1, 9): 137.24375100163942, (1, 10): 192.9638252445261, (1, 11): 239.35090065007066, (1, 12): 140.04401924038027, (1, 13): 162.5816510710849, (1, 14): 149.09455343841373, (1, 15): 49.85112822193696, (1, 16): 49.85112822193696, (1, 17): 49.85112822193696, (2, 0): 67.71733410287206, (2, 1): 33.689172281313176, (2, 2): 0.0, (2, 3): 40.13106548548144, (2, 4): 50.48926168008401, (2, 5): 8.429757113938694, (2, 6): 32.3458722096035, (2, 7): 32.84078406493974, (2, 8): 212.41238797443054, (2, 9): 141.8064494584079, (2, 10): 191.36504384030016, (2, 11): 220.32711032689556, (2, 12): 144.07771849942657, (2, 13): 156.254348886679, (2, 14): 167.04561514748002, (2, 15): 67.71733410287206, (2, 16): 67.71733410287206, (2, 17): 67.71733410287206, (3, 0): 37.763738334545216, (3, 1): 12.198162648530312, (3, 2): 40.13106548548144, (3, 3): 0.0, (3, 4): 57.622430354854004, (3, 5): 42.5114004709325, (3, 6): 15.655329124614404, (3, 7): 14.738346752604242, (3, 8): 191.23402745327516, (3, 9): 126.0666785356067, (3, 10): 182.6344344448768, (3, 11): 233.7198489174593, (3, 12): 128.9362829191225, (3, 13): 153.45951968190178, (3, 14): 136.92036696196809, (3, 15): 37.763738334545216, (3, 16): 37.763738334545216, (3, 17): 37.763738334545216, (4, 0): 51.81885098108603, (4, 1): 62.73532175736409, (4, 2): 50.48926168008401, (4, 3): 57.622430354854004, (4, 4): 0.0, (4, 5): 58.91729839359574, (4, 6): 64.42068427143568, (4, 7): 64.11183248823886, (4, 8): 167.83735014590764, (4, 9): 95.42526452150919, (4, 10): 141.32340968501998, (4, 11): 176.63293528105115, (4, 12): 97.25059895445375, (4, 13): 105.76873343762796, (4, 14): 133.47250689561503, (4, 15): 51.81885098108603, (4, 16): 51.81885098108603, (4, 17): 51.81885098108603, (5, 0): 73.35199736203506, (5, 1): 33.9361633954105, (5, 2): 8.429757113938694, (5, 3): 42.5114004709325, (5, 4): 58.91729839359574, (5, 5): 0.0, (5, 6): 31.827860311368717, (5, 7): 32.51245338328069, (5, 8): 220.02794239368782, (5, 9): 149.75127922325072, (5, 10): 199.71998148658037, (5, 11): 227.97396718923852, (5, 12): 152.06926348542626, (5, 13): 164.68353613218292, (5, 14): 173.33271940692558, (5, 15): 73.35199736203506, (5, 16): 73.35199736203506, (5, 17): 73.35199736203506, (6, 0): 53.27139372120838, (6, 1): 3.45909034285027, (6, 2): 32.3458722096035, (6, 3): 15.655329124614404, (6, 4): 64.42068427143568, (6, 5): 31.827860311368717, (6, 6): 0.0, (6, 7): 0.9412592629026287, (6, 8): 206.5052338368207, (6, 9): 140.39297128061648, (6, 10): 195.86340513990865, (6, 11): 240.92121985412575, (6, 12): 143.1733023611595, (6, 13): 165.1559214348671, (6, 14): 152.55280296671052, (6, 15): 53.27139372120838, (6, 16): 53.27139372120838, (6, 17): 53.27139372120838, (7, 0): 52.38378962999909, (7, 1): 2.5413077342187425, (7, 2): 32.84078406493974, (7, 3): 14.738346752604242, (7, 4): 64.11183248823886, (7, 5): 32.51245338328069, (7, 6): 0.9412592629026287, (7, 7): 0.0, (7, 8): 205.65169767594918, (7, 9): 139.6239573497328, (7, 10): 195.1842994966552, (7, 11): 240.65706548738603, (7, 12): 142.41178148594307, (7, 13): 164.58417791513256, (7, 14): 151.62511391586816, (7, 15): 52.38378962999909, (7, 16): 52.38378962999909, (7, 17): 52.38378962999909, (8, 0): 153.57705631050493, (8, 1): 203.14940107221582, (8, 2): 212.41238797443054, (8, 3): 191.23402745327516, (8, 4): 167.83735014590764, (8, 5): 220.02794239368782, (8, 6): 206.5052338368207, (8, 7): 205.65169767594918, (8, 8): 0.0, (8, 9): 72.74442247347902, (8, 10): 66.71984077469011, (8, 11): 187.1810288731206, (8, 12): 71.4077658591837, (8, 13): 97.29263512208928, (8, 14): 71.45257171718873, (8, 15): 153.57705631050493, (8, 16): 153.57705631050493, (8, 17): 153.57705631050493, (9, 0): 90.31979097628604, (9, 1): 137.24375100163942, (9, 2): 141.8064494584079, (9, 3): 126.0666785356067, (9, 4): 95.42526452150919, (9, 5): 149.75127922325072, (9, 6): 140.39297128061648, (9, 7): 139.6239573497328, (9, 8): 72.74442247347902, (9, 9): 0.0, (9, 10): 60.81786908466952, (9, 11): 157.497452376221, (9, 12): 3.389520910099243, (9, 13): 52.21565445342996, (9, 14): 65.46677135768954, (9, 15): 90.31979097628604, (9, 16): 90.31979097628604, (9, 17): 90.31979097628604, (10, 0): 149.01332690065007, (10, 1): 192.9638252445261, (10, 2): 191.36504384030016, (10, 3): 182.6344344448768, (10, 4): 141.32340968501998, (10, 5): 199.71998148658037, (10, 6): 195.86340513990865, (10, 7): 195.1842994966552, (10, 8): 66.71984077469011, (10, 9): 60.81786908466952, (10, 10): 0.0, (10, 11): 120.6843621394255, (10, 12): 57.45074763656257, (10, 13): 41.1594727128519, (10, 14): 110.0084875634603, (10, 15): 149.01332690065007, (10, 16): 149.01332690065007, (10, 17): 149.01332690065007, (11, 0): 214.26888990471764, (11, 1): 239.35090065007066, (11, 2): 220.32711032689556, (11, 3): 233.7198489174593, (11, 4): 176.63293528105115, (11, 5): 227.97396718923852, (11, 6): 240.92121985412575, (11, 7): 240.65706548738603, (11, 8): 187.1810288731206, (11, 9): 157.497452376221, (11, 10): 120.6843621394255, (11, 11): 0.0, (11, 12): 154.80052500233973, (11, 13): 105.30727397953096, (11, 14): 221.2638952133854, (11, 15): 214.26888990471764, (11, 16): 214.26888990471764, (11, 17): 214.26888990471764, (12, 0): 93.37756288316804, (12, 1): 140.04401924038027, (12, 2): 144.07771849942657, (12, 3): 128.9362829191225, (12, 4): 97.25059895445375, (12, 5): 152.06926348542626, (12, 6): 143.1733023611595, (12, 7): 142.41178148594307, (12, 8): 71.4077658591837, (12, 9): 3.389520910099243, (12, 10): 57.45074763656257, (12, 11): 154.80052500233973, (12, 12): 0.0, (12, 13): 49.49328982801608, (12, 14): 67.58542567743434, (12, 15): 93.37756288316804, (12, 16): 93.37756288316804, (12, 17): 93.37756288316804, (13, 0): 124.0562265587665, (13, 1): 162.5816510710849, (13, 2): 156.254348886679, (13, 3): 153.45951968190178, (13, 4): 105.76873343762796, (13, 5): 164.68353613218292, (13, 6): 165.1559214348671, (13, 7): 164.58417791513256, (13, 8): 97.29263512208928, (13, 9): 52.21565445342996, (13, 10): 41.1594727128519, (13, 11): 105.30727397953096, (13, 12): 49.49328982801608, (13, 13): 0.0, (13, 14): 116.40344638368745, (13, 15): 124.0562265587665, (13, 16): 124.0562265587665, (13, 17): 124.0562265587665, (14, 0): 100.41149572633604, (14, 1): 149.09455343841373, (14, 2): 167.04561514748002, (14, 3): 136.92036696196809, (14, 4): 133.47250689561503, (14, 5): 173.33271940692558, (14, 6): 152.55280296671052, (14, 7): 151.62511391586816, (14, 8): 71.45257171718873, (14, 9): 65.46677135768954, (14, 10): 110.0084875634603, (14, 11): 221.2638952133854, (14, 12): 67.58542567743434, (14, 13): 116.40344638368745, (14, 14): 0.0, (14, 15): 100.41149572633604, (14, 16): 100.41149572633604, (14, 17): 100.41149572633604, (15, 0): 0.0, (15, 1): 49.85112822193696, (15, 2): 67.71733410287206, (15, 3): 37.763738334545216, (15, 4): 51.81885098108603, (15, 5): 73.35199736203506, (15, 6): 53.27139372120838, (15, 7): 52.38378962999909, (15, 8): 153.57705631050493, (15, 9): 90.31979097628604, (15, 10): 149.01332690065007, (15, 11): 214.26888990471764, (15, 12): 93.37756288316804, (15, 13): 124.0562265587665, (15, 14): 100.41149572633604, (15, 15): 0.0, (15, 16): 0.0, (15, 17): 0.0, (16, 0): 0.0, (16, 1): 49.85112822193696, (16, 2): 67.71733410287206, (16, 3): 37.763738334545216, (16, 4): 51.81885098108603, (16, 5): 73.35199736203506, (16, 6): 53.27139372120838, (16, 7): 52.38378962999909, (16, 8): 153.57705631050493, (16, 9): 90.31979097628604, (16, 10): 149.01332690065007, (16, 11): 214.26888990471764, (16, 12): 93.37756288316804, (16, 13): 124.0562265587665, (16, 14): 100.41149572633604, (16, 15): 0.0, (16, 16): 0.0, (16, 17): 0.0, (17, 0): 0.0, (17, 1): 49.85112822193696, (17, 2): 67.71733410287206, (17, 3): 37.763738334545216, (17, 4): 51.81885098108603, (17, 5): 73.35199736203506, (17, 6): 53.27139372120838, (17, 7): 52.38378962999909, (17, 8): 153.57705631050493, (17, 9): 90.31979097628604, (17, 10): 149.01332690065007, (17, 11): 214.26888990471764, (17, 12): 93.37756288316804, (17, 13): 124.0562265587665, (17, 14): 100.41149572633604, (17, 15): 0.0, (17, 16): 0.0, (17, 17): 0.0}
P [1, 2, 3, 4, 5, 6, 7]
D [8, 9, 10, 11, 12, 13, 14]
V [0, 1, 2, 3, 4, 5, 6, 7, 8, 9, 10, 11, 12, 13, 14, 15, 16, 17]
PcupD [1, 2, 3, 4, 5, 6, 7, 8, 9, 10, 11, 12, 13, 14]
A [(0, 1), (0, 2), (0, 3), (0, 4), (0, 5), (0, 6), (0, 7), (1, 15), (2, 15), (3, 15), (4, 15), (5, 15), (6, 15), (7, 15), (1, 2), (1, 3), (1, 4), (1, 5), (1, 6), (1, 7), (2, 1), (2, 3), (2, 4), (2, 5), (2, 6), (2, 7), (3, 1), (3, 2), (3, 4), (3, 5), (3, 6), (3, 7), (4, 1), (4, 2), (4, 3), (4, 5), (4, 6), (4, 7), (5, 1), (5, 2), (5, 3), (5, 4), (5, 6), (5, 7), (6, 1), (6, 2), (6, 3), (6, 4), (6, 5), (6, 7), (7, 1), (7, 2), (7, 3), (7, 4), (7, 5), (7, 6), (16, 8), (16, 9), (16, 10), (16, 11), (16, 12), (16, 13), (16, 14), (8, 17), (9, 17), (10, 17), (11, 17), (12, 17), (13, 17), (14, 17), (8, 9), (8, 10), (8, 11), (8, 12), (8, 13), (8, 14), (9, 8), (9, 10), (9, 11), (9, 12), (9, 13), (9, 14), (10, 8), (10, 9), (10, 11), (10, 12), (10, 13), (10, 14), (11, 8), (11, 9), (11, 10), (11, 12), (11, 13), (11, 14), (12, 8), (12, 9), (12, 10), (12, 11), (12, 13), (12, 14), (13, 8), (13, 9), (13, 10), (13, 11), (13, 12), (13, 14), (14, 8), (14, 9), (14, 10), (14, 11), (14, 12), (14, 13)]
active_t [[  0.          49.85112822  67.7173341   37.76373833  51.81885098
   73.35199736  53.27139372  52.38378963   0.           0.
    0.           0.           0.           0.           0.
    0.           0.           0.        ]
 [  0.           0.          33.68917228  12.19816265  62.73532176
   33.9361634    3.45909034   2.54130773   0.           0.
    0.           0.           0.           0.           0.
   49.85112822   0.           0.        ]
 [  0.          33.68917228   0.          40.13106549  50.48926168
    8.42975711  32.34587221  32.84078406   0.           0.
    0.           0.           0.           0.           0.
   67.7173341    0.           0.        ]
 [  0.          12.19816265  40.13106549   0.          57.62243035
   42.51140047  15.65532912  14.73834675   0.           0.
    0.           0.           0.           0.           0.
   37.76373833   0.           0.        ]
 [  0.          62.73532176  50.48926168  57.62243035   0.
   58.91729839  64.42068427  64.11183249   0.           0.
    0.           0.           0.           0.           0.
   51.81885098   0.           0.        ]
 [  0.          33.9361634    8.42975711  42.51140047  58.91729839
    0.          31.82786031  32.51245338   0.           0.
    0.           0.           0.           0.           0.
   73.35199736   0.           0.        ]
 [  0.           3.45909034  32.34587221  15.65532912  64.42068427
   31.82786031   0.           0.94125926   0.           0.
    0.           0.           0.           0.           0.
   53.27139372   0.           0.        ]
 [  0.           2.54130773  32.84078406  14.73834675  64.11183249
   32.51245338   0.94125926   0.           0.           0.
    0.           0.           0.           0.           0.
   52.38378963   0.           0.        ]
 [  0.           0.           0.           0.           0.
    0.           0.           0.           0.          72.74442247
   66.71984077 187.18102887  71.40776586  97.29263512  71.45257172
    0.           0.         153.57705631]
 [  0.           0.           0.           0.           0.
    0.           0.           0.          72.74442247   0.
   60.81786908 157.49745238   3.38952091  52.21565445  65.46677136
    0.           0.          90.31979098]
 [  0.           0.           0.           0.           0.
    0.           0.           0.          66.71984077  60.81786908
    0.         120.68436214  57.45074764  41.15947271 110.00848756
    0.           0.         149.0133269 ]
 [  0.           0.           0.           0.           0.
    0.           0.           0.         187.18102887 157.49745238
  120.68436214   0.         154.800525   105.30727398 221.26389521
    0.           0.         214.2688899 ]
 [  0.           0.           0.           0.           0.
    0.           0.           0.          71.40776586   3.38952091
   57.45074764 154.800525     0.          49.49328983  67.58542568
    0.           0.          93.37756288]
 [  0.           0.           0.           0.           0.
    0.           0.           0.          97.29263512  52.21565445
   41.15947271 105.30727398  49.49328983   0.         116.40344638
    0.           0.         124.05622656]
 [  0.           0.           0.           0.           0.
    0.           0.           0.          71.45257172  65.46677136
  110.00848756 221.26389521  67.58542568 116.40344638   0.
    0.           0.         100.41149573]
 [  0.           0.           0.           0.           0.
    0.           0.           0.           0.           0.
    0.           0.           0.           0.           0.
    0.           0.           0.        ]
 [  0.           0.           0.           0.           0.
    0.           0.           0.         153.57705631  90.31979098
  149.0133269  214.2688899   93.37756288 124.05622656 100.41149573
    0.           0.           0.        ]
 [  0.           0.           0.           0.           0.
    0.           0.           0.           0.           0.
    0.           0.           0.           0.           0.
    0.           0.           0.        ]]
Using license file C:\Users\gkiotsalitisk\gurobi.lic
Academic license - for non-commercial use only
q {1: 16, 2: 10, 3: 4, 4: 4, 5: 3, 6: 9, 7: 3, 8: 16, 9: 10, 10: 4, 11: 4, 12: 3, 13: 9, 14: 3, 0: 0, 15: 0, 16: 0, 17: 0}
Changed value of parameter NodefileStart to 0.5
   Prev: inf  Min: 0.0  Max: inf  Default: inf
Gurobi Optimizer version 9.0.3 build v9.0.3rc0 (win64)
Optimize a model with 3988 rows, 1772 columns and 12602 nonzeros
Model fingerprint: 0x16a06c64
Variable types: 1334 continuous, 438 integer (438 binary)
Coefficient statistics:
  Matrix range     [1e-04, 1e+04]
  Objective range  [9e-01, 2e+02]
  Bounds range     [1e+00, 1e+00]
  RHS range        [9e-01, 1e+04]
Presolve removed 1505 rows and 776 columns
Presolve time: 0.05s
Presolved: 2483 rows, 996 columns, 10893 nonzeros
Variable types: 639 continuous, 357 integer (354 binary)

Root relaxation: objective 1.262591e+03, 390 iterations, 0.01 seconds

    Nodes    |    Current Node    |     Objective Bounds      |     Work
 Expl Unexpl |  Obj  Depth IntInf | Incumbent    BestBd   Gap | It/Node Time

     0     0 1262.59141    0   58          - 1262.59141      -     -    0s
     0     0 1358.11848    0   68          - 1358.11848      -     -    0s
     0     0 1358.11848    0   68          - 1358.11848      -     -    0s
     0     0 1358.11848    0   87          - 1358.11848      -     -    0s
     0     0 1358.11848    0   84          - 1358.11848      -     -    0s
     0     0 1358.11848    0   53          - 1358.11848      -     -    0s
     0     0 1358.11848    0   53          - 1358.11848      -     -    0s
H    0     0                    1570.7607289 1358.11848  13.5%     -    0s
     0     0 1358.11848    0   69 1570.76073 1358.11848  13.5%     -    0s
H    0     0                    1551.9685022 1358.11848  12.5%     -    0s
     0     0 1358.11848    0   58 1551.96850 1358.11848  12.5%     -    0s
     0     0 1358.11848    0   50 1551.96850 1358.11848  12.5%     -    0s
     0     0 1358.11848    0   48 1551.96850 1358.11848  12.5%     -    0s
     0     2 1358.11848    0   41 1551.96850 1358.11848  12.5%     -    0s
*  395   222              27    1537.9923761 1360.11955  11.6%  33.2    1s
*  409   222              23    1534.5149178 1360.62925  11.3%  32.4    1s
* 1130   422              29    1489.8660282 1365.53296  8.35%  30.2    1s
* 2253   838              28    1488.7023549 1395.31350  6.27%  32.4    4s
* 2274   800              28    1459.7462396 1395.31350  4.41%  32.4    4s
  2325   794 infeasible   28      1459.74624 1395.31350  4.41%  32.7    5s
  8213   519     cutoff   48      1459.74624 1434.82534  1.71%  35.9   12s

Cutting planes:
  Learned: 2
  Gomory: 24
  Cover: 12
  Implied bound: 52
  Projected implied bound: 10
  Clique: 9
  MIR: 66
  Flow cover: 166
  GUB cover: 3
  Inf proof: 13
  Zero half: 46
  RLT: 27
  Relax-and-lift: 43

Explored 9892 nodes (352978 simplex iterations) in 13.74 seconds
Thread count was 8 (of 8 available processors)

Solution count 7: 1459.75 1488.7 1489.87 ... 1570.76

Optimal solution found (tolerance 1.00e-04)
Best objective 1.459746239577e+03, best bound 1.459746239577e+03, gap 0.0000%

    Variable            X 
-------------------------
    x[0,1,2]            1 
    x[0,5,3]            1 
    x[0,6,1]            1 
   x[3,15,2]            1 
   x[4,15,3]            1 
   x[7,15,1]            1 
    x[1,3,2]            1 
    x[2,4,3]            1 
    x[5,2,3]            1 
    x[6,7,1]            1 
   x[16,9,3]            1 
  x[16,13,2]            1 
  x[16,14,1]            1 
   x[8,17,1]            1 
  x[10,17,3]            1 
  x[11,17,2]            1 
   x[9,12,3]            1 
  x[12,10,3]            1 
  x[13,11,2]            1 
   x[14,8,1]            1 
        w[1]      568.681 
        w[2]          817 
        w[3]       747.84 
        r[1]          550 
        r[2]      511.804 
        r[3]          550 
        r[4]          550 
        r[5]      536.841 
        r[6]          550 
        r[7]       329.55 
      u[0,1]          360 
      u[0,2]      408.276 
      u[0,3]          360 
      u[1,1]          442 
      u[1,2]      458.127 
      u[1,3]          442 
      u[2,1]          455 
      u[2,2]          455 
      u[2,3]          455 
      u[3,1]          360 
      u[3,2]      470.325 
      u[3,3]          360 
      u[4,1]          475 
      u[4,2]          475 
      u[4,3]          595 
      u[5,1]          426 
      u[5,2]          426 
      u[5,3]      433.352 
      u[6,1]      496.356 
      u[6,2]          425 
      u[6,3]          425 
      u[7,1]      497.297 
      u[7,2]          475 
      u[7,3]          525 
      u[8,1]      864.408 
      u[8,2]          823 
      u[8,3]          823 
      u[9,1]          852 
      u[9,2]          852 
      u[9,3]       852.16 
     u[10,1]          793 
     u[10,2]          793 
     u[10,3]          913 
     u[11,1]         1007 
     u[11,2]      1077.85 
     u[11,3]         1007 
     u[12,1]          949 
     u[12,2]          829 
     u[12,3]      855.549 
     u[13,1]          891 
     u[13,2]      964.056 
     u[13,3]         1011 
     u[14,1]          726 
     u[14,2]          726 
     u[14,3]          726 
     u[15,1]      549.681 
     u[15,2]      508.089 
     u[15,3]       733.84 
     u[16,1]      594.681 
     u[16,2]          840 
     u[16,3]       761.84 
     u[17,1]      1017.99 
     u[17,2]         1320 
     u[17,3]      1062.01 
    eta[1,2]            1 
    eta[3,2]            1 
    eta[4,3]            1 
    eta[6,1]            1 
  theta[1,1]            1 
  theta[3,3]            1 
  theta[4,2]            1 
  theta[6,2]            1 
    eta_k[1]            1 
    eta_k[2]            1 
    eta_k[3]            1 
  theta_k[1]            1 
  theta_k[2]            1 
  theta_k[3]            1 
      tau[1]      568.681 
      tau[2]      538.089 
      tau[3]       747.84 
        z[1]      538.089 
        z[2]      1011.46 
        z[3]      538.089 
        z[4]       747.84 
        z[5]          360 
        z[6]      568.681 
        z[7]          360 
      v[1,1]           10 
      v[1,2]           16 
      v[1,3]           10 
      v[2,1]           10 
      v[2,3]           13 
      v[3,1]           10 
      v[3,2]           20 
      v[3,3]           10 
      v[4,1]           10 
      v[4,2]           10 
      v[4,3]           17 
      v[5,1]           20 
      v[5,2]           20 
      v[5,3]            3 
      v[6,1]            9 
      v[6,3]           10 
      v[7,1]           12 
      v[8,2]           10 
      v[8,3]           10 
      v[9,1]           10 
      v[9,2]           10 
      v[9,3]            7 
     v[10,1]           10 
     v[10,2]           10 
     v[11,1]           10 
     v[11,3]           10 
     v[12,1]           20 
     v[12,2]           10 
     v[12,3]            4 
     v[13,2]            4 
     v[14,1]           16 
     v[14,2]           10 
     v[14,3]           10 
     v[15,1]           12 
     v[15,2]           20 
     v[15,3]           17 
     v[16,1]           19 
     v[16,2]           13 
     v[16,3]           17 
     v[17,1]           10 
     v[17,2]           10 
     v[17,3]           10 
      g[1,2]            6 
      g[2,3]            3 
      g[3,2]           10 
      g[4,3]            7 
      g[5,1]           10 
      g[5,2]           10 
      g[7,1]            2 
     g[12,1]           10 
     g[14,1]            6 
     g[15,1]            2 
     g[15,2]           10 
     g[15,3]            7 
     g[16,1]            9 
     g[16,2]            3 
     g[16,3]            7 
      d[0,1]            1 
      d[0,2]            1 
      d[0,3]            1 
      d[1,1]            1 
      d[1,2]          1.6 
      d[1,3]            1 
      d[2,1]            1 
      d[2,2]            1 
      d[2,3]          1.3 
      d[3,1]            1 
      d[3,2]            2 
      d[3,3]            1 
      d[4,1]            1 
      d[4,2]            1 
      d[4,3]          1.7 
      d[5,1]            2 
      d[5,2]            2 
      d[5,3]            1 
      d[6,1]            1 
      d[6,2]            1 
      d[6,3]            1 
      d[7,1]          1.2 
      d[7,2]            1 
      d[7,3]            1 
      d[8,1]            1 
      d[8,2]            1 
      d[8,3]            1 
      d[9,1]            1 
      d[9,2]            1 
      d[9,3]            1 
     d[10,1]            1 
     d[10,2]            1 
     d[10,3]            1 
     d[11,1]            1 
     d[11,2]            1 
     d[11,3]            1 
     d[12,1]            2 
     d[12,2]            1 
     d[12,3]            1 
     d[13,1]            1 
     d[13,2]            1 
     d[13,3]            1 
     d[14,1]          1.6 
     d[14,2]            1 
     d[14,3]            1 
     d[15,1]          1.2 
     d[15,2]            2 
     d[15,3]          1.7 
     d[16,1]          1.9 
     d[16,2]          1.3 
     d[16,3]          1.7 
     d[17,1]            1 
     d[17,2]            1 
     d[17,3]            1 
  delta[0,1]            1 
  delta[0,2]            1 
  delta[0,3]            1 
  delta[2,2]            1 
  delta[3,1]            1 
  delta[3,3]            1 
  delta[4,1]            1 
  delta[4,2]            1 
  delta[5,3]            1 
  delta[6,1]            1 
  delta[6,2]            1 
  delta[6,3]            1 
  delta[7,2]            1 
  delta[7,3]            1 
  delta[8,1]            1 
  delta[8,2]            1 
  delta[8,3]            1 
  delta[9,1]            1 
  delta[9,3]            1 
 delta[10,3]            1 
 delta[11,1]            1 
 delta[11,2]            1 
 delta[11,3]            1 
 delta[12,3]            1 
 delta[13,1]            1 
 delta[13,2]            1 
 delta[13,3]            1 
 delta[17,1]            1 
 delta[17,2]            1 
 delta[17,3]            1 
      p[0,1]          360 
      p[0,2]      408.276 
      p[0,3]          360 
      p[1,2]      458.127 
      p[2,2]         9980 
      p[2,3]          455 
      p[3,2]      477.644 
      p[4,3]      610.147 
      p[5,3]      433.352 
      p[6,1]      496.356 
      p[7,1]      497.297 
      p[8,1]      1008.13 
      p[9,1]         9845 
      p[9,3]      966.804 
     p[10,3]      1027.64 
     p[11,2]      1160.15 
     p[12,3]      970.193 
     p[13,2]      1046.36 
     p[14,1]      826.847 
     p[15,1]      560.158 
     p[15,2]      553.171 
     p[15,3]       785.26 
     p[16,1]      605.158 
     p[16,2]      885.083 
     p[16,3]       813.26 
     p[17,1]       1161.7 
     p[17,2]       1402.3 
     p[17,3]      1176.66 
    s[0,1,1]            6 
    s[0,1,3]            6 
    s[0,2,2]           10 
    s[0,2,3]           -3 
    s[0,3,1]           -6 
    s[0,3,2]          -16 
    s[0,3,3]           -6 
    s[0,4,1]           -6 
    s[0,4,2]           -6 
    s[0,4,3]          -13 
    s[0,5,1]          -17 
    s[0,5,2]          -17 
    s[0,6,2]            9 
    s[0,6,3]           -1 
    s[0,7,1]           -9 
    s[0,7,2]            3 
    s[0,7,3]            3 
   s[1,15,1]           -2 
   s[1,15,2]           -4 
   s[1,15,3]           -7 
   s[2,15,1]           -2 
   s[2,15,2]          -20 
   s[2,15,3]           -4 
   s[3,15,1]           -2 
   s[3,15,3]           -7 
   s[4,15,1]           -2 
   s[4,15,2]          -10 
   s[5,15,1]            8 
   s[5,15,3]          -14 
   s[6,15,1]           -3 
   s[6,15,2]          -20 
   s[6,15,3]           -7 
   s[7,15,2]          -20 
   s[7,15,3]          -17 
    s[1,2,1]           10 
    s[1,2,2]           26 
    s[1,2,3]            7 
    s[1,3,1]            4 
    s[1,3,3]            4 
    s[1,4,1]            4 
    s[1,4,2]           10 
    s[1,4,3]           -3 
    s[1,5,1]           -7 
    s[1,5,2]           -1 
    s[1,5,3]           10 
    s[1,6,1]           10 
    s[1,6,2]           25 
    s[1,6,3]            9 
    s[1,7,1]            1 
    s[1,7,2]           19 
    s[1,7,3]           13 
    s[2,1,1]           16 
    s[2,1,3]           19 
    s[2,3,1]            4 
    s[2,3,2]          -16 
    s[2,3,3]            7 
    s[2,4,1]            4 
    s[2,4,2]           -6 
    s[2,5,1]           -7 
    s[2,5,2]          -17 
    s[2,5,3]           13 
    s[2,6,1]           10 
    s[2,6,2]            9 
    s[2,6,3]           12 
    s[2,7,1]            1 
    s[2,7,2]            3 
    s[2,7,3]           16 
    s[3,1,1]           16 
    s[3,1,2]           20 
    s[3,1,3]           16 
    s[3,2,1]           10 
    s[3,2,2]           30 
    s[3,2,3]            7 
    s[3,4,1]            4 
    s[3,4,2]           14 
    s[3,4,3]           -3 
    s[3,5,1]           -7 
    s[3,5,2]            3 
    s[3,5,3]           10 
    s[3,6,1]           10 
    s[3,6,2]           29 
    s[3,6,3]            9 
    s[3,7,1]            1 
    s[3,7,2]           23 
    s[3,7,3]           13 
    s[4,1,1]           16 
    s[4,1,2]           10 
    s[4,1,3]           23 
    s[4,2,1]           10 
    s[4,2,2]           20 
    s[4,2,3]           14 
    s[4,3,1]            4 
    s[4,3,2]           -6 
    s[4,3,3]           11 
    s[4,5,1]           -7 
    s[4,5,2]           -7 
    s[4,5,3]           17 
    s[4,6,1]           10 
    s[4,6,2]           19 
    s[4,6,3]           16 
    s[4,7,1]            1 
    s[4,7,2]           13 
    s[4,7,3]           20 
    s[5,1,1]           26 
    s[5,1,2]           20 
    s[5,1,3]            9 
    s[5,2,1]           20 
    s[5,2,2]           30 
    s[5,3,1]           14 
    s[5,3,2]            4 
    s[5,3,3]           -3 
    s[5,4,1]           14 
    s[5,4,2]           14 
    s[5,4,3]          -10 
    s[5,6,1]           20 
    s[5,6,2]           29 
    s[5,6,3]            2 
    s[5,7,1]           11 
    s[5,7,2]           23 
    s[5,7,3]            6 
    s[6,1,1]           15 
    s[6,1,3]           16 
    s[6,2,1]            9 
    s[6,2,2]           10 
    s[6,2,3]            7 
    s[6,3,1]            3 
    s[6,3,2]          -16 
    s[6,3,3]            4 
    s[6,4,1]            3 
    s[6,4,2]           -6 
    s[6,4,3]           -3 
    s[6,5,1]           -8 
    s[6,5,2]          -17 
    s[6,5,3]           10 
    s[6,7,2]            3 
    s[6,7,3]           13 
    s[7,1,1]           18 
    s[7,1,3]            6 
    s[7,2,1]           12 
    s[7,2,2]           10 
    s[7,2,3]           -3 
    s[7,3,1]            6 
    s[7,3,2]          -16 
    s[7,3,3]           -6 
    s[7,4,1]            6 
    s[7,4,2]           -6 
    s[7,4,3]          -13 
    s[7,5,1]           -5 
    s[7,5,2]          -17 
    s[7,6,1]           12 
    s[7,6,2]            9 
    s[7,6,3]           -1 
   s[16,8,1]            3 
   s[16,8,2]          -13 
   s[16,8,3]           -9 
   s[16,9,1]           -1 
   s[16,9,2]           -7 
  s[16,10,1]            5 
  s[16,10,2]           -1 
  s[16,10,3]           13 
  s[16,11,1]            5 
  s[16,11,2]            9 
  s[16,11,3]            3 
  s[16,12,1]           -4 
  s[16,12,3]           10 
  s[16,13,1]           10 
  s[16,13,3]            8 
  s[16,14,3]            4 
    s[8,9,1]          -20 
    s[8,9,2]          -10 
    s[8,9,3]           -7 
   s[8,10,1]          -14 
   s[8,10,2]           -4 
   s[8,10,3]            6 
   s[8,11,1]          -14 
   s[8,11,2]            6 
   s[8,11,3]           -4 
   s[8,12,1]          -23 
   s[8,12,2]           -3 
   s[8,12,3]            3 
   s[8,13,1]           -9 
   s[8,13,2]           -3 
   s[8,13,3]            1 
   s[8,14,1]          -19 
   s[8,14,2]           -3 
   s[8,14,3]           -3 
    s[9,8,1]           -6 
    s[9,8,2]          -16 
    s[9,8,3]          -19 
   s[9,10,1]           -4 
   s[9,10,2]           -4 
   s[9,10,3]            3 
   s[9,11,1]           -4 
   s[9,11,2]            6 
   s[9,11,3]           -7 
   s[9,12,1]          -13 
   s[9,12,2]           -3 
   s[9,13,1]            1 
   s[9,13,2]           -3 
   s[9,13,3]           -2 
   s[9,14,1]           -9 
   s[9,14,2]           -3 
   s[9,14,3]           -6 
   s[10,8,1]           -6 
   s[10,8,2]          -16 
   s[10,8,3]          -26 
   s[10,9,1]          -10 
   s[10,9,2]          -10 
   s[10,9,3]          -17 
  s[10,11,1]           -4 
  s[10,11,2]            6 
  s[10,11,3]          -14 
  s[10,12,1]          -13 
  s[10,12,2]           -3 
  s[10,12,3]           -7 
  s[10,13,1]            1 
  s[10,13,2]           -3 
  s[10,13,3]           -9 
  s[10,14,1]           -9 
  s[10,14,2]           -3 
  s[10,14,3]          -13 
   s[11,8,1]           -6 
   s[11,8,2]          -26 
   s[11,8,3]          -16 
   s[11,9,1]          -10 
   s[11,9,2]          -20 
   s[11,9,3]           -7 
  s[11,10,1]           -4 
  s[11,10,2]          -14 
  s[11,10,3]            6 
  s[11,12,1]          -13 
  s[11,12,2]          -13 
  s[11,12,3]            3 
  s[11,13,1]            1 
  s[11,13,2]          -13 
  s[11,13,3]            1 
  s[11,14,1]           -9 
  s[11,14,2]          -13 
  s[11,14,3]           -3 
   s[12,8,1]            4 
   s[12,8,2]          -16 
   s[12,8,3]          -22 
   s[12,9,2]          -10 
   s[12,9,3]          -13 
  s[12,10,1]            6 
  s[12,10,2]           -4 
  s[12,11,1]            6 
  s[12,11,2]            6 
  s[12,11,3]          -10 
  s[12,13,1]           11 
  s[12,13,2]           -3 
  s[12,13,3]           -5 
  s[12,14,1]            1 
  s[12,14,2]           -3 
  s[12,14,3]           -9 
   s[13,8,1]          -16 
   s[13,8,2]          -22 
   s[13,8,3]          -26 
   s[13,9,1]          -20 
   s[13,9,2]          -16 
   s[13,9,3]          -17 
  s[13,10,1]          -14 
  s[13,10,2]          -10 
  s[13,10,3]           -4 
  s[13,11,1]          -14 
  s[13,11,3]          -14 
  s[13,12,1]          -23 
  s[13,12,2]           -9 
  s[13,12,3]           -7 
  s[13,14,1]          -19 
  s[13,14,2]           -9 
  s[13,14,3]          -13 
   s[14,8,2]          -16 
   s[14,8,3]          -16 
   s[14,9,1]           -4 
   s[14,9,2]          -10 
   s[14,9,3]           -7 
  s[14,10,1]            2 
  s[14,10,2]           -4 
  s[14,10,3]            6 
  s[14,11,1]            2 
  s[14,11,2]            6 
  s[14,11,3]           -4 
  s[14,12,1]           -7 
  s[14,12,2]           -3 
  s[14,12,3]            3 
  s[14,13,1]            7 
  s[14,13,2]           -3 
  s[14,13,3]            1 
s_tilde[0,1,1]          442 
s_tilde[0,1,3]          442 
s_tilde[0,2,1]          455 
s_tilde[0,2,2]        -9525 
s_tilde[0,3,1]          360 
s_tilde[0,3,2]      -7.3189 
s_tilde[0,3,3]          360 
s_tilde[0,4,1]          475 
s_tilde[0,4,2]          475 
s_tilde[0,4,3]     -15.1468 
s_tilde[0,5,1]          426 
s_tilde[0,5,2]          426 
s_tilde[0,6,2]          425 
s_tilde[0,6,3]          425 
s_tilde[0,7,2]          475 
s_tilde[0,7,3]          525 
s_tilde[1,15,1]     -452.477 
s_tilde[1,15,2]      -15.172 
s_tilde[1,15,3]      -493.42 
s_tilde[2,15,1]     -465.477 
s_tilde[2,15,2]      9479.92 
s_tilde[2,15,3]     -31.1048 
s_tilde[3,15,1]     -370.477 
s_tilde[3,15,3]      -411.42 
s_tilde[4,15,1]     -485.477 
s_tilde[4,15,2]     -520.083 
s_tilde[5,15,1]     -363.125 
s_tilde[5,15,2]     -397.731 
s_tilde[5,15,3]       -51.42 
s_tilde[6,15,1]     -10.4768 
s_tilde[6,15,2]     -470.083 
s_tilde[6,15,3]      -476.42 
s_tilde[7,15,2]     -520.083 
s_tilde[7,15,3]      -576.42 
s_tilde[1,2,1]           13 
s_tilde[1,2,2]     -9504.79 
s_tilde[1,2,3]         -442 
s_tilde[1,3,1]          -82 
s_tilde[1,3,3]          -82 
s_tilde[1,4,1]           33 
s_tilde[1,4,2]      512.641 
s_tilde[1,4,3]     -457.147 
s_tilde[1,5,1]          -16 
s_tilde[1,5,2]      446.362 
s_tilde[1,5,3]         -442 
s_tilde[1,6,1]         -442 
s_tilde[1,6,2]      427.075 
s_tilde[1,6,3]          -17 
s_tilde[1,7,1]         -442 
s_tilde[1,7,2]      476.525 
s_tilde[1,7,3]           83 
s_tilde[2,1,1]          -13 
s_tilde[2,1,2]         9525 
s_tilde[2,1,3]      452.107 
s_tilde[2,3,1]          -95 
s_tilde[2,3,2]      9517.68 
s_tilde[2,3,3]      372.039 
s_tilde[2,4,1]           20 
s_tilde[2,4,2]        10000 
s_tilde[2,5,1]          -29 
s_tilde[2,5,2]         9951 
s_tilde[2,5,3]      2.52893 
s_tilde[2,6,1]         -455 
s_tilde[2,6,2]         9950 
s_tilde[2,6,3]      434.704 
s_tilde[2,7,1]         -455 
s_tilde[2,7,2]        10000 
s_tilde[2,7,3]      534.852 
s_tilde[3,1,1]           82 
s_tilde[3,1,2]      19.5171 
s_tilde[3,1,3]           82 
s_tilde[3,2,1]           95 
s_tilde[3,2,2]     -9477.55 
s_tilde[3,2,3]         -360 
s_tilde[3,4,1]          115 
s_tilde[3,4,2]      539.941 
s_tilde[3,4,3]     -375.147 
s_tilde[3,5,1]           66 
s_tilde[3,5,2]       475.83 
s_tilde[3,5,3]         -360 
s_tilde[3,6,1]         -360 
s_tilde[3,6,2]      447.974 
s_tilde[3,6,3]           65 
s_tilde[3,7,1]         -360 
s_tilde[3,7,2]      497.057 
s_tilde[3,7,3]          165 
s_tilde[4,1,1]          -33 
s_tilde[4,1,2]         -475 
s_tilde[4,1,3]      501.062 
s_tilde[4,2,1]          -20 
s_tilde[4,2,2]       -10000 
s_tilde[4,2,3]      50.4893 
s_tilde[4,3,1]         -115 
s_tilde[4,3,2]     -482.319 
s_tilde[4,3,3]      415.482 
s_tilde[4,5,1]          -49 
s_tilde[4,5,2]          -49 
s_tilde[4,5,3]      56.3889 
s_tilde[4,6,1]         -475 
s_tilde[4,6,2]          -50 
s_tilde[4,6,3]      485.241 
s_tilde[4,7,1]         -475 
s_tilde[4,7,3]      585.025 
s_tilde[5,1,1]      49.9362 
s_tilde[5,1,2]     -392.064 
s_tilde[5,1,3]          442 
s_tilde[5,2,1]      37.4298 
s_tilde[5,2,2]     -9942.57 
s_tilde[5,3,1]     -23.4886 
s_tilde[5,3,2]     -390.807 
s_tilde[5,3,3]          360 
s_tilde[5,4,1]      107.917 
s_tilde[5,4,2]      107.917 
s_tilde[5,4,3]     -15.1468 
s_tilde[5,6,1]     -394.172 
s_tilde[5,6,2]      30.8279 
s_tilde[5,6,3]          425 
s_tilde[5,7,1]     -393.488 
s_tilde[5,7,2]      81.5125 
s_tilde[5,7,3]          525 
s_tilde[6,1,1]          442 
s_tilde[6,1,2]         -425 
s_tilde[6,1,3]           17 
s_tilde[6,2,1]          455 
s_tilde[6,2,2]        -9950 
s_tilde[6,2,3]         -425 
s_tilde[6,3,1]          360 
s_tilde[6,3,2]     -432.319 
s_tilde[6,3,3]          -65 
s_tilde[6,4,1]          475 
s_tilde[6,4,2]           50 
s_tilde[6,4,3]     -440.147 
s_tilde[6,5,1]          426 
s_tilde[6,5,2]            1 
s_tilde[6,5,3]         -425 
s_tilde[6,7,2]           50 
s_tilde[6,7,3]          100 
s_tilde[7,1,1]      442.508 
s_tilde[7,1,2]         -475 
s_tilde[7,1,3]          -83 
s_tilde[7,2,1]      461.568 
s_tilde[7,2,2]       -10000 
s_tilde[7,2,3]         -525 
s_tilde[7,3,1]      362.948 
s_tilde[7,3,2]     -482.319 
s_tilde[7,3,3]         -165 
s_tilde[7,4,1]      487.822 
s_tilde[7,4,3]     -540.147 
s_tilde[7,5,1]      432.502 
s_tilde[7,5,2]          -49 
s_tilde[7,5,3]         -525 
s_tilde[7,6,1]     0.188252 
s_tilde[7,6,2]          -50 
s_tilde[7,6,3]         -100 
s_tilde[16,8,1]      4.97746 
s_tilde[16,8,2]      914.156 
s_tilde[16,8,3]      981.924 
s_tilde[16,9,1]     -8901.24 
s_tilde[16,9,2]      924.179 
s_tilde[16,10,1]      937.589 
s_tilde[16,10,2]      882.787 
s_tilde[16,10,3]      41.0855 
s_tilde[16,11,1]      1210.32 
s_tilde[16,11,2]      27.0638 
s_tilde[16,11,3]      1208.41 
s_tilde[16,12,1]      1043.52 
s_tilde[16,12,2]      902.096 
s_tilde[16,12,3]      2.14044 
s_tilde[16,13,1]      1013.13 
s_tilde[16,13,3]      1149.26 
s_tilde[16,14,2]      801.206 
s_tilde[16,14,3]      847.708 
s_tilde[8,17,2]       -905.3 
s_tilde[8,17,3]     -937.644 
s_tilde[9,17,1]      8849.28 
s_tilde[9,17,2]       -934.3 
s_tilde[10,17,1]     -936.719 
s_tilde[10,17,2]       -875.3 
s_tilde[11,17,1]     -1150.72 
s_tilde[11,17,3]     -1121.64 
s_tilde[12,17,1]     -999.341 
s_tilde[12,17,2]       -911.3 
s_tilde[13,17,1]     -1034.72 
s_tilde[13,17,3]     -1125.64 
s_tilde[14,17,1]      17.3754 
s_tilde[14,17,2]       -808.3 
s_tilde[14,17,3]     -840.644 
s_tilde[8,9,1]     -8849.28 
s_tilde[8,9,2]           29 
s_tilde[8,9,3]     -937.644 
s_tilde[8,10,1]      936.719 
s_tilde[8,10,2]          -30 
s_tilde[8,10,3]     -937.644 
s_tilde[8,11,1]      1150.72 
s_tilde[8,11,2]       -905.3 
s_tilde[8,11,3]          184 
s_tilde[8,12,1]      1092.72 
s_tilde[8,12,2]            6 
s_tilde[8,12,3]     -937.644 
s_tilde[8,13,1]      1034.72 
s_tilde[8,13,2]       -905.3 
s_tilde[8,13,3]          188 
s_tilde[8,14,1]      42.8715 
s_tilde[8,14,2]          -97 
s_tilde[8,14,3]          -97 
s_tilde[9,8,1]      8849.28 
s_tilde[9,8,2]          -29 
s_tilde[9,8,3]      937.644 
s_tilde[9,10,1]         9786 
s_tilde[9,10,2]          -59 
s_tilde[9,11,1]        10000 
s_tilde[9,11,2]       -934.3 
s_tilde[9,11,3]      1121.64 
s_tilde[9,12,1]         9942 
s_tilde[9,12,2]          -23 
s_tilde[9,13,1]         9884 
s_tilde[9,13,2]       -934.3 
s_tilde[9,13,3]      1125.64 
s_tilde[9,14,1]      8892.15 
s_tilde[9,14,2]         -126 
s_tilde[9,14,3]      840.644 
s_tilde[10,8,1]     -936.719 
s_tilde[10,8,2]           30 
s_tilde[10,8,3]      937.644 
s_tilde[10,9,1]        -9786 
s_tilde[10,9,2]           59 
s_tilde[10,11,1]          214 
s_tilde[10,11,2]       -875.3 
s_tilde[10,11,3]      1121.64 
s_tilde[10,12,1]          156 
s_tilde[10,12,2]           36 
s_tilde[10,13,1]           98 
s_tilde[10,13,2]       -875.3 
s_tilde[10,13,3]      1125.64 
s_tilde[10,14,1]     -893.847 
s_tilde[10,14,2]          -67 
s_tilde[10,14,3]      840.644 
s_tilde[11,8,1]     -1150.72 
s_tilde[11,8,2]        905.3 
s_tilde[11,8,3]         -184 
s_tilde[11,9,1]       -10000 
s_tilde[11,9,2]        934.3 
s_tilde[11,9,3]     -1121.64 
s_tilde[11,10,1]         -214 
s_tilde[11,10,2]        875.3 
s_tilde[11,10,3]     -1121.64 
s_tilde[11,12,1]          -58 
s_tilde[11,12,2]        911.3 
s_tilde[11,12,3]     -1121.64 
s_tilde[11,13,1]         -116 
s_tilde[11,13,3]            4 
s_tilde[11,14,1]     -1107.85 
s_tilde[11,14,2]        808.3 
s_tilde[11,14,3]         -281 
s_tilde[12,8,1]     -1021.31 
s_tilde[12,8,2]           -6 
s_tilde[12,8,3]      937.644 
s_tilde[12,9,1]     -9938.61 
s_tilde[12,9,2]           23 
s_tilde[12,10,1]     -98.5493 
s_tilde[12,10,2]          -36 
s_tilde[12,11,1]      212.801 
s_tilde[12,11,2]       -911.3 
s_tilde[12,11,3]      1121.64 
s_tilde[12,13,1]     -8.50671 
s_tilde[12,13,2]       -911.3 
s_tilde[12,13,3]      1125.64 
s_tilde[12,14,1]     -982.262 
s_tilde[12,14,2]         -103 
s_tilde[12,14,3]      840.644 
s_tilde[13,8,1]     -1034.72 
s_tilde[13,8,2]        905.3 
s_tilde[13,8,3]         -188 
s_tilde[13,9,1]        -9884 
s_tilde[13,9,2]        934.3 
s_tilde[13,9,3]     -1125.64 
s_tilde[13,10,1]          -98 
s_tilde[13,10,2]        875.3 
s_tilde[13,10,3]     -1125.64 
s_tilde[13,11,1]          116 
s_tilde[13,11,3]           -4 
s_tilde[13,12,1]           58 
s_tilde[13,12,2]        911.3 
s_tilde[13,12,3]     -1125.64 
s_tilde[13,14,1]     -991.847 
s_tilde[13,14,2]        808.3 
s_tilde[13,14,3]         -285 
s_tilde[14,8,2]           97 
s_tilde[14,8,3]           97 
s_tilde[14,9,1]     -8852.87 
s_tilde[14,9,2]          126 
s_tilde[14,9,3]     -840.644 
s_tilde[14,10,1]      959.852 
s_tilde[14,10,2]           67 
s_tilde[14,10,3]     -840.644 
s_tilde[14,11,1]      1240.61 
s_tilde[14,11,2]       -808.3 
s_tilde[14,11,3]          281 
s_tilde[14,12,1]       1090.4 
s_tilde[14,12,2]          103 
s_tilde[14,12,3]     -840.644 
s_tilde[14,13,1]      1061.69 
s_tilde[14,13,2]       -808.3 
s_tilde[14,13,3]          285 
sigma[0,1,1]     -458.127 
sigma[0,1,3]     -458.127 
sigma[0,2,1]         -455 
sigma[0,2,2]         9525 
sigma[0,3,1]     -477.644 
sigma[0,3,3]     -477.644 
sigma[0,4,1]     -610.147 
sigma[0,4,2]     -610.147 
sigma[0,5,1]     -433.352 
sigma[0,5,2]     -433.352 
sigma[0,6,2]     -496.356 
sigma[0,6,3]     -496.356 
sigma[0,7,2]     -497.297 
sigma[0,7,3]     -497.297 
sigma[1,2,1]         -455 
sigma[1,2,2]         9525 
sigma[1,3,1]     -477.644 
sigma[1,3,3]     -477.644 
sigma[1,4,1]     -610.147 
sigma[1,4,2]     -610.147 
sigma[1,5,1]     -433.352 
sigma[1,5,2]     -433.352 
sigma[1,6,2]     -496.356 
sigma[1,6,3]     -496.356 
sigma[1,7,2]     -497.297 
sigma[1,7,3]     -497.297 
sigma[2,1,1]     -458.127 
sigma[2,1,3]     -458.127 
sigma[2,3,1]     -477.644 
sigma[2,3,3]     -477.644 
sigma[2,4,1]     -610.147 
sigma[2,4,2]     -610.147 
sigma[2,5,1]     -433.352 
sigma[2,5,2]     -433.352 
sigma[2,6,2]     -496.356 
sigma[2,6,3]     -496.356 
sigma[2,7,2]     -497.297 
sigma[2,7,3]     -497.297 
sigma[3,1,1]     -458.127 
sigma[3,1,3]     -458.127 
sigma[3,2,1]         -455 
sigma[3,2,2]         9525 
sigma[3,4,1]     -610.147 
sigma[3,4,2]     -610.147 
sigma[3,5,1]     -433.352 
sigma[3,5,2]     -433.352 
sigma[3,6,2]     -496.356 
sigma[3,6,3]     -496.356 
sigma[3,7,2]     -497.297 
sigma[3,7,3]     -497.297 
sigma[4,1,1]     -458.127 
sigma[4,1,3]     -458.127 
sigma[4,2,1]         -455 
sigma[4,2,2]         9525 
sigma[4,3,1]     -477.644 
sigma[4,3,3]     -477.644 
sigma[4,5,1]     -433.352 
sigma[4,5,2]     -433.352 
sigma[4,6,2]     -496.356 
sigma[4,6,3]     -496.356 
sigma[4,7,2]     -497.297 
sigma[4,7,3]     -497.297 
sigma[5,1,1]     -458.127 
sigma[5,1,3]     -458.127 
sigma[5,2,1]         -455 
sigma[5,2,2]         9525 
sigma[5,3,1]     -477.644 
sigma[5,3,3]     -477.644 
sigma[5,4,1]     -610.147 
sigma[5,4,2]     -610.147 
sigma[5,6,2]     -496.356 
sigma[5,6,3]     -496.356 
sigma[5,7,2]     -497.297 
sigma[5,7,3]     -497.297 
sigma[6,1,1]     -458.127 
sigma[6,1,3]     -458.127 
sigma[6,2,1]         -455 
sigma[6,2,2]         9525 
sigma[6,3,1]     -477.644 
sigma[6,3,3]     -477.644 
sigma[6,4,1]     -610.147 
sigma[6,4,2]     -610.147 
sigma[6,5,1]     -433.352 
sigma[6,5,2]     -433.352 
sigma[6,7,2]     -497.297 
sigma[6,7,3]     -497.297 
sigma[7,1,1]     -458.127 
sigma[7,1,3]     -458.127 
sigma[7,2,1]         -455 
sigma[7,2,2]         9525 
sigma[7,3,1]     -477.644 
sigma[7,3,3]     -477.644 
sigma[7,4,1]     -610.147 
sigma[7,4,2]     -610.147 
sigma[7,5,1]     -433.352 
sigma[7,5,2]     -433.352 
sigma[7,6,2]     -496.356 
sigma[7,6,3]     -496.356 
sigma[16,8,2]     -1008.13 
sigma[16,8,3]     -1008.13 
sigma[16,9,1]       8878.2 
sigma[16,9,2]     -966.804 
sigma[16,10,1]     -1027.64 
sigma[16,10,2]     -1027.64 
sigma[16,11,1]     -1160.15 
sigma[16,11,3]     -1160.15 
sigma[16,12,1]     -970.193 
sigma[16,12,2]     -970.193 
sigma[16,13,1]     -1046.36 
sigma[16,13,3]     -1046.36 
sigma[16,14,2]     -826.847 
sigma[16,14,3]     -826.847 
sigma[8,9,1]       8878.2 
sigma[8,9,2]     -966.804 
sigma[8,10,1]     -1027.64 
sigma[8,10,2]     -1027.64 
sigma[8,11,1]     -1160.15 
sigma[8,11,3]     -1160.15 
sigma[8,12,1]     -970.193 
sigma[8,12,2]     -970.193 
sigma[8,13,1]     -1046.36 
sigma[8,13,3]     -1046.36 
sigma[8,14,2]     -826.847 
sigma[8,14,3]     -826.847 
sigma[9,8,2]     -1008.13 
sigma[9,8,3]     -1008.13 
sigma[9,10,1]     -1027.64 
sigma[9,10,2]     -1027.64 
sigma[9,11,1]     -1160.15 
sigma[9,11,3]     -1160.15 
sigma[9,12,1]     -970.193 
sigma[9,12,2]     -970.193 
sigma[9,13,1]     -1046.36 
sigma[9,13,3]     -1046.36 
sigma[9,14,2]     -826.847 
sigma[9,14,3]     -826.847 
sigma[10,8,2]     -1008.13 
sigma[10,8,3]     -1008.13 
sigma[10,9,1]       8878.2 
sigma[10,9,2]     -966.804 
sigma[10,11,1]     -1160.15 
sigma[10,11,3]     -1160.15 
sigma[10,12,1]     -970.193 
sigma[10,12,2]     -970.193 
sigma[10,13,1]     -1046.36 
sigma[10,13,3]     -1046.36 
sigma[10,14,2]     -826.847 
sigma[10,14,3]     -826.847 
sigma[11,8,2]     -1008.13 
sigma[11,8,3]     -1008.13 
sigma[11,9,1]       8878.2 
sigma[11,9,2]     -966.804 
sigma[11,10,1]     -1027.64 
sigma[11,10,2]     -1027.64 
sigma[11,12,1]     -970.193 
sigma[11,12,2]     -970.193 
sigma[11,13,1]     -1046.36 
sigma[11,13,3]     -1046.36 
sigma[11,14,2]     -826.847 
sigma[11,14,3]     -826.847 
sigma[12,8,2]     -1008.13 
sigma[12,8,3]     -1008.13 
sigma[12,9,1]       8878.2 
sigma[12,9,2]     -966.804 
sigma[12,10,1]     -1027.64 
sigma[12,10,2]     -1027.64 
sigma[12,11,1]     -1160.15 
sigma[12,11,3]     -1160.15 
sigma[12,13,1]     -1046.36 
sigma[12,13,3]     -1046.36 
sigma[12,14,2]     -826.847 
sigma[12,14,3]     -826.847 
sigma[13,8,2]     -1008.13 
sigma[13,8,3]     -1008.13 
sigma[13,9,1]       8878.2 
sigma[13,9,2]     -966.804 
sigma[13,10,1]     -1027.64 
sigma[13,10,2]     -1027.64 
sigma[13,11,1]     -1160.15 
sigma[13,11,3]     -1160.15 
sigma[13,12,1]     -970.193 
sigma[13,12,2]     -970.193 
sigma[13,14,2]     -826.847 
sigma[13,14,3]     -826.847 
sigma[14,8,2]     -1008.13 
sigma[14,8,3]     -1008.13 
sigma[14,9,1]       8878.2 
sigma[14,9,2]     -966.804 
sigma[14,10,1]     -1027.64 
sigma[14,10,2]     -1027.64 
sigma[14,11,1]     -1160.15 
sigma[14,11,3]     -1160.15 
sigma[14,12,1]     -970.193 
sigma[14,12,2]     -970.193 
sigma[14,13,1]     -1046.36 
sigma[14,13,3]     -1046.36 
 p_active[1]      458.127 
 p_active[2]          455 
 p_active[3]      477.644 
 p_active[4]      610.147 
 p_active[5]      433.352 
 p_active[6]      496.356 
 p_active[7]      497.297 
 p_active[8]      1008.13 
 p_active[9]      966.804 
p_active[10]      1027.64 
p_active[11]      1160.15 
p_active[12]      970.193 
p_active[13]      1046.36 
p_active[14]      826.847 
vehiclecosts      1459.75 
route_duration_pickup[1]      106.596 
route_duration_pickup[2]       99.813 
route_duration_pickup[3]       184.09 
route_duration_delivery[1]      325.441 
route_duration_delivery[2]      443.632 
route_duration_delivery[3]      300.173 
2 optimal
Obj: 1459.75
x[0,1,2] 1
x[0,5,3] 1
x[0,6,1] 1
x[3,15,2] 1
x[4,15,3] 1
x[7,15,1] 1
x[1,3,2] 1
x[2,4,3] 1
x[5,2,3] 1
x[6,7,1] 1
x[16,9,3] 1
x[16,13,2] 1
x[16,14,1] 1
x[8,17,1] 1
x[10,17,3] 1
x[11,17,2] 1
x[9,12,3] 1
x[12,10,3] 1
x[13,11,2] 1
x[14,8,1] 1
w[1] 568.681
w[2] 817
w[3] 747.84
r[1] 550
r[2] 511.804
r[3] 550
r[4] 550
r[5] 536.841
r[6] 550
r[7] 329.55
u[0,1] 360
u[0,2] 408.276
u[0,3] 360
u[1,1] 442
u[1,2] 458.127
u[1,3] 442
u[2,1] 455
u[2,2] 455
u[2,3] 455
u[3,1] 360
u[3,2] 470.325
u[3,3] 360
u[4,1] 475
u[4,2] 475
u[4,3] 595
u[5,1] 426
u[5,2] 426
u[5,3] 433.352
u[6,1] 496.356
u[6,2] 425
u[6,3] 425
u[7,1] 497.297
u[7,2] 475
u[7,3] 525
u[8,1] 864.408
u[8,2] 823
u[8,3] 823
u[9,1] 852
u[9,2] 852
u[9,3] 852.16
u[10,1] 793
u[10,2] 793
u[10,3] 913
u[11,1] 1007
u[11,2] 1077.85
u[11,3] 1007
u[12,1] 949
u[12,2] 829
u[12,3] 855.549
u[13,1] 891
u[13,2] 964.056
u[13,3] 1011
u[14,1] 726
u[14,2] 726
u[14,3] 726
u[15,1] 549.681
u[15,2] 508.089
u[15,3] 733.84
u[16,1] 594.681
u[16,2] 840
u[16,3] 761.84
u[17,1] 1017.99
u[17,2] 1320
u[17,3] 1062.01
eta[1,2] 1
eta[3,2] 1
eta[4,3] 1
eta[6,1] 1
theta[1,1] 1
theta[3,3] 1
theta[4,2] 1
theta[6,2] 1
eta_k[1] 1
eta_k[2] 1
eta_k[3] 1
theta_k[1] 1
theta_k[2] 1
theta_k[3] 1
tau[1] 568.681
tau[2] 538.089
tau[3] 747.84
z[1] 538.089
z[2] 1011.46
z[3] 538.089
z[4] 747.84
z[5] 360
z[6] 568.681
z[7] 360
v[1,1] 10
v[1,2] 16
v[1,3] 10
v[2,1] 10
v[2,3] 13
v[3,1] 10
v[3,2] 20
v[3,3] 10
v[4,1] 10
v[4,2] 10
v[4,3] 17
v[5,1] 20
v[5,2] 20
v[5,3] 3
v[6,1] 9
v[6,3] 10
v[7,1] 12
v[8,2] 10
v[8,3] 10
v[9,1] 10
v[9,2] 10
v[9,3] 7
v[10,1] 10
v[10,2] 10
v[11,1] 10
v[11,3] 10
v[12,1] 20
v[12,2] 10
v[12,3] 4
v[13,2] 4
v[14,1] 16
v[14,2] 10
v[14,3] 10
v[15,1] 12
v[15,2] 20
v[15,3] 17
v[16,1] 19
v[16,2] 13
v[16,3] 17
v[17,1] 10
v[17,2] 10
v[17,3] 10
g[1,2] 6
g[2,3] 3
g[3,2] 10
g[4,3] 7
g[5,1] 10
g[5,2] 10
g[6,3] 7.10543e-15
g[7,1] 2
g[12,1] 10
g[14,1] 6
g[15,1] 2
g[15,2] 10
g[15,3] 7
g[16,1] 9
g[16,2] 3
g[16,3] 7
d[0,1] 1
d[0,2] 1
d[0,3] 1
d[1,1] 1
d[1,2] 1.6
d[1,3] 1
d[2,1] 1
d[2,2] 1
d[2,3] 1.3
d[3,1] 1
d[3,2] 2
d[3,3] 1
d[4,1] 1
d[4,2] 1
d[4,3] 1.7
d[5,1] 2
d[5,2] 2
d[5,3] 1
d[6,1] 1
d[6,2] 1
d[6,3] 1
d[7,1] 1.2
d[7,2] 1
d[7,3] 1
d[8,1] 1
d[8,2] 1
d[8,3] 1
d[9,1] 1
d[9,2] 1
d[9,3] 1
d[10,1] 1
d[10,2] 1
d[10,3] 1
d[11,1] 1
d[11,2] 1
d[11,3] 1
d[12,1] 2
d[12,2] 1
d[12,3] 1
d[13,1] 1
d[13,2] 1
d[13,3] 1
d[14,1] 1.6
d[14,2] 1
d[14,3] 1
d[15,1] 1.2
d[15,2] 2
d[15,3] 1.7
d[16,1] 1.9
d[16,2] 1.3
d[16,3] 1.7
d[17,1] 1
d[17,2] 1
d[17,3] 1
delta[0,1] 1
delta[0,2] 1
delta[0,3] 1
delta[2,2] 1
delta[3,1] 1
delta[3,3] 1
delta[4,1] 1
delta[4,2] 1
delta[5,3] 1
delta[6,1] 1
delta[6,2] 1
delta[6,3] 1
delta[7,2] 1
delta[7,3] 1
delta[8,1] 1
delta[8,2] 1
delta[8,3] 1
delta[9,1] 1
delta[9,3] 1
delta[10,3] 1
delta[11,1] 1
delta[11,2] 1
delta[11,3] 1
delta[12,3] 1
delta[13,1] 1
delta[13,2] 1
delta[13,3] 1
delta[17,1] 1
delta[17,2] 1
delta[17,3] 1
p[0,1] 360
p[0,2] 408.276
p[0,3] 360
p[1,2] 458.127
p[2,2] 9980
p[2,3] 455
p[3,2] 477.644
p[4,3] 610.147
p[5,3] 433.352
p[6,1] 496.356
p[7,1] 497.297
p[8,1] 1008.13
p[9,1] 9845
p[9,3] 966.804
p[10,3] 1027.64
p[11,2] 1160.15
p[12,3] 970.193
p[13,2] 1046.36
p[14,1] 826.847
p[15,1] 560.158
p[15,2] 553.171
p[15,3] 785.26
p[16,1] 605.158
p[16,2] 885.083
p[16,3] 813.26
p[17,1] 1161.7
p[17,2] 1402.3
p[17,3] 1176.66
s[0,1,1] 6
s[0,1,3] 6
s[0,2,2] 10
s[0,5,3] 1.77636e-15
s[0,6,1] 9.11271e-13
s[0,6,2] 9
s[0,7,2] 3
s[0,7,3] 3
s[5,15,1] 8
s[1,2,1] 10
s[1,2,2] 26
s[1,2,3] 7
s[1,3,1] 4
s[1,3,3] 4
s[1,4,1] 4
s[1,4,2] 10
s[1,5,3] 10
s[1,6,1] 10
s[1,6,2] 25
s[1,6,3] 9
s[1,7,1] 1
s[1,7,2] 19
s[1,7,3] 13
s[2,1,1] 16
s[2,1,3] 19
s[2,3,1] 4
s[2,3,3] 7
s[2,4,1] 4
s[2,5,3] 13
s[2,6,1] 10
s[2,6,2] 9
s[2,6,3] 12
s[2,7,1] 1
s[2,7,2] 3
s[2,7,3] 16
s[3,1,1] 16
s[3,1,2] 20
s[3,1,3] 16
s[3,2,1] 10
s[3,2,2] 30
s[3,2,3] 7
s[3,4,1] 4
s[3,4,2] 14
s[3,5,2] 3
s[3,5,3] 10
s[3,6,1] 10
s[3,6,2] 29
s[3,6,3] 9
s[3,7,1] 1
s[3,7,2] 23
s[3,7,3] 13
s[4,1,1] 16
s[4,1,2] 10
s[4,1,3] 23
s[4,2,1] 10
s[4,2,2] 20
s[4,2,3] 14
s[4,3,1] 4
s[4,3,3] 11
s[4,5,3] 17
s[4,6,1] 10
s[4,6,2] 19
s[4,6,3] 16
s[4,7,1] 1
s[4,7,2] 13
s[4,7,3] 20
s[5,1,1] 26
s[5,1,2] 20
s[5,1,3] 9
s[5,2,1] 20
s[5,2,2] 30
s[5,3,1] 14
s[5,3,2] 4
s[5,4,1] 14
s[5,4,2] 14
s[5,6,1] 20
s[5,6,2] 29
s[5,6,3] 2
s[5,7,1] 11
s[5,7,2] 23
s[5,7,3] 6
s[6,1,1] 15
s[6,1,3] 16
s[6,2,1] 9
s[6,2,2] 10
s[6,2,3] 7
s[6,3,1] 3
s[6,3,3] 4
s[6,4,1] 3
s[6,5,3] 10
s[6,7,2] 3
s[6,7,3] 13
s[7,1,1] 18
s[7,1,3] 6
s[7,2,1] 12
s[7,2,2] 10
s[7,3,1] 6
s[7,4,1] 6
s[7,5,3] 1.77636e-15
s[7,6,1] 12
s[7,6,2] 9
s[16,8,1] 3
s[16,10,1] 5
s[16,10,3] 13
s[16,11,1] 5
s[16,11,2] 9
s[16,11,3] 3
s[16,12,3] 10
s[16,13,1] 10
s[16,13,3] 8
s[16,14,3] 4
s[8,10,3] 6
s[8,11,2] 6
s[8,12,3] 3
s[8,13,3] 1
s[9,10,3] 3
s[9,11,2] 6
s[9,13,1] 1
s[10,11,2] 6
s[10,13,1] 1
s[11,10,3] 6
s[11,12,3] 3
s[11,13,1] 1
s[11,13,3] 1
s[12,8,1] 4
s[12,10,1] 6
s[12,11,1] 6
s[12,11,2] 6
s[12,13,1] 11
s[12,14,1] 1
s[14,10,1] 2
s[14,10,3] 6
s[14,11,1] 2
s[14,11,2] 6
s[14,12,3] 3
s[14,13,1] 7
s[14,13,3] 1
s_tilde[0,1,1] 442
s_tilde[0,1,3] 442
s_tilde[0,2,1] 455
s_tilde[0,3,1] 360
s_tilde[0,3,3] 360
s_tilde[0,4,1] 475
s_tilde[0,4,2] 475
s_tilde[0,5,1] 426
s_tilde[0,5,2] 426
s_tilde[0,6,2] 425
s_tilde[0,6,3] 425
s_tilde[0,7,2] 475
s_tilde[0,7,3] 525
s_tilde[2,15,2] 9479.92
s_tilde[1,2,1] 13
s_tilde[1,4,1] 33
s_tilde[1,4,2] 512.641
s_tilde[1,5,2] 446.362
s_tilde[1,6,2] 427.075
s_tilde[1,7,2] 476.525
s_tilde[1,7,3] 83
s_tilde[2,1,2] 9525
s_tilde[2,1,3] 452.107
s_tilde[2,3,2] 9517.68
s_tilde[2,3,3] 372.039
s_tilde[2,4,1] 20
s_tilde[2,4,2] 10000
s_tilde[2,5,2] 9951
s_tilde[2,5,3] 2.52893
s_tilde[2,6,2] 9950
s_tilde[2,6,3] 434.704
s_tilde[2,7,2] 10000
s_tilde[2,7,3] 534.852
s_tilde[3,1,1] 82
s_tilde[3,1,2] 19.5171
s_tilde[3,1,3] 82
s_tilde[3,2,1] 95
s_tilde[3,4,1] 115
s_tilde[3,4,2] 539.941
s_tilde[3,5,1] 66
s_tilde[3,5,2] 475.83
s_tilde[3,6,2] 447.974
s_tilde[3,6,3] 65
s_tilde[3,7,2] 497.057
s_tilde[3,7,3] 165
s_tilde[4,1,3] 501.062
s_tilde[4,2,3] 50.4893
s_tilde[4,3,3] 415.482
s_tilde[4,5,3] 56.3889
s_tilde[4,6,3] 485.241
s_tilde[4,7,3] 585.025
s_tilde[5,1,1] 49.9362
s_tilde[5,1,3] 442
s_tilde[5,2,1] 37.4298
s_tilde[5,3,3] 360
s_tilde[5,4,1] 107.917
s_tilde[5,4,2] 107.917
s_tilde[5,6,2] 30.8279
s_tilde[5,6,3] 425
s_tilde[5,7,2] 81.5125
s_tilde[5,7,3] 525
s_tilde[6,1,1] 442
s_tilde[6,1,3] 17
s_tilde[6,2,1] 455
s_tilde[6,3,1] 360
s_tilde[6,4,1] 475
s_tilde[6,4,2] 50
s_tilde[6,5,1] 426
s_tilde[6,5,2] 1
s_tilde[6,7,2] 50
s_tilde[6,7,3] 100
s_tilde[7,1,1] 442.508
s_tilde[7,2,1] 461.568
s_tilde[7,3,1] 362.948
s_tilde[7,4,1] 487.822
s_tilde[7,5,1] 432.502
s_tilde[7,6,1] 0.188252
s_tilde[16,8,1] 4.97746
s_tilde[16,8,2] 914.156
s_tilde[16,8,3] 981.924
s_tilde[16,9,2] 924.179
s_tilde[16,10,1] 937.589
s_tilde[16,10,2] 882.787
s_tilde[16,10,3] 41.0855
s_tilde[16,11,1] 1210.32
s_tilde[16,11,2] 27.0638
s_tilde[16,11,3] 1208.41
s_tilde[16,12,1] 1043.52
s_tilde[16,12,2] 902.096
s_tilde[16,12,3] 2.14044
s_tilde[16,13,1] 1013.13
s_tilde[16,13,3] 1149.26
s_tilde[16,14,2] 801.206
s_tilde[16,14,3] 847.708
s_tilde[9,17,1] 8849.28
s_tilde[14,17,1] 17.3754
s_tilde[8,9,2] 29
s_tilde[8,10,1] 936.719
s_tilde[8,11,1] 1150.72
s_tilde[8,11,3] 184
s_tilde[8,12,1] 1092.72
s_tilde[8,12,2] 6
s_tilde[8,13,1] 1034.72
s_tilde[8,13,3] 188
s_tilde[8,14,1] 42.8715
s_tilde[9,8,1] 8849.28
s_tilde[9,8,3] 937.644
s_tilde[9,10,1] 9786
s_tilde[9,11,1] 10000
s_tilde[9,11,3] 1121.64
s_tilde[9,12,1] 9942
s_tilde[9,13,1] 9884
s_tilde[9,13,3] 1125.64
s_tilde[9,14,1] 8892.15
s_tilde[9,14,3] 840.644
s_tilde[10,8,2] 30
s_tilde[10,8,3] 937.644
s_tilde[10,9,2] 59
s_tilde[10,11,1] 214
s_tilde[10,11,3] 1121.64
s_tilde[10,12,1] 156
s_tilde[10,12,2] 36
s_tilde[10,13,1] 98
s_tilde[10,13,3] 1125.64
s_tilde[10,14,3] 840.644
s_tilde[11,8,2] 905.3
s_tilde[11,9,2] 934.3
s_tilde[11,10,2] 875.3
s_tilde[11,12,2] 911.3
s_tilde[11,13,3] 4
s_tilde[11,14,2] 808.3
s_tilde[12,8,3] 937.644
s_tilde[12,9,2] 23
s_tilde[12,11,1] 212.801
s_tilde[12,11,3] 1121.64
s_tilde[12,13,3] 1125.64
s_tilde[12,14,3] 840.644
s_tilde[13,8,2] 905.3
s_tilde[13,9,2] 934.3
s_tilde[13,10,2] 875.3
s_tilde[13,11,1] 116
s_tilde[13,12,1] 58
s_tilde[13,12,2] 911.3
s_tilde[13,14,2] 808.3
s_tilde[14,8,2] 97
s_tilde[14,8,3] 97
s_tilde[14,9,2] 126
s_tilde[14,10,1] 959.852
s_tilde[14,10,2] 67
s_tilde[14,11,1] 1240.61
s_tilde[14,11,3] 281
s_tilde[14,12,1] 1090.4
s_tilde[14,12,2] 103
s_tilde[14,13,1] 1061.69
s_tilde[14,13,3] 285
sigma[0,2,2] 9525
sigma[1,2,2] 9525
sigma[3,2,2] 9525
sigma[4,2,2] 9525
sigma[5,2,2] 9525
sigma[6,2,2] 9525
sigma[7,2,2] 9525
sigma[16,9,1] 8878.2
sigma[8,9,1] 8878.2
sigma[10,9,1] 8878.2
sigma[11,9,1] 8878.2
sigma[12,9,1] 8878.2
sigma[13,9,1] 8878.2
sigma[14,9,1] 8878.2
p_active[1] 458.127
p_active[2] 455
p_active[3] 477.644
p_active[4] 610.147
p_active[5] 433.352
p_active[6] 496.356
p_active[7] 497.297
p_active[8] 1008.13
p_active[9] 966.804
p_active[10] 1027.64
p_active[11] 1160.15
p_active[12] 970.193
p_active[13] 1046.36
p_active[14] 826.847
vehiclecosts 1459.75
route_duration_pickup[1] 106.596
route_duration_pickup[2] 99.813
route_duration_pickup[3] 184.09
route_duration_delivery[1] 325.441
route_duration_delivery[2] 443.632
route_duration_delivery[3] 300.173
vehicle 1 pick-up route [0, 6, 7, 15]
vehicle 2 pick-up route [0, 1, 3, 15]
vehicle 3 pick-up route [0, 5, 2, 4, 15]
vehicle 1 delivery route [16, 14, 8, 17]
vehicle 2 delivery route [16, 13, 11, 17]
vehicle 3 delivery route [16, 9, 12, 10, 17]

Process finished with exit code 0
