20 33 6 22 60 10 1 5 480 550 0.5 0.1
0 677908 6150220 677908 6150220 0
1 532891 6223718 720683 6220162 4
2 498716 6221569 721520 6174303 17
3 573516 6226689 718607 6191423 10
4 588124 6228133 639863 6162558 5
5 537062 6222060 724421 6180436 4
6 602301 6147956 638158 6137786 6
7 471662 6105055 685597 6157244 4
8 563954 6257950 657716 6156345 17
9 570158 6224087 724079 6179620 5
10 445420 6212541 721747 6191123 4
11 532974 6172680 716296 6180966 8
12 575704 6232998 723944 6177582 12
13 545234 6089613 724034 6180167 4
14 570063 6255827 718939 6174629 11
15 570782 6224793 720260 6207482 6
16 574602 6226391 703791 6210825 7
17 571521 6221261 717829 6187552 5
18 559352 6219725 689170 6099308 7
19 565931 6236972 704930 6173568 8
20 513415 6173759 708746 6197146 16
