20 33 6 22 60 10 1 6 480 550 0.5 0.1
0 677908 6150220 677908 6150220 0  
1 534643 6121290 701712 6223742 12          
2 460548 6178831 724741 6180242 15   
3 521842 6185938 721167 6176441 5    
4 523424 6258056 708879 6184748 9    
5 522232 6207630 726250 6175111 10   
6 533251 6224481 725368 6188213 15   
7 490296 6119537 638448 6078069 4    
8 454074 6215598 647218 6141401 11   
9 561445 6223124 719623 6184877 4    
10 565881 6236184 726534 6174565 16   
11 566004 6197318 726555 6173427 5    
12 495282 6178668 726879 6174242 10   
13 463932 6222681 718931 6204897 17   
14 547291 6216789 727392 6174720 16   
15 467567 6147669 711619 6191107 7    
16 517240 6123932 669461 6176873 3    
17 473866 6259789 719463 6176453 14   
18 587925 6138556 698118 6222801 3    
19 551588 6085605 714546 6179815 6    
20 563211 6258136 724714 6216645 12
