20 33 6 22 60 10 1 6 480 550 0.5 0.1
0 677908 6150220 677908 6150220 0   
1  552524 6193139 640709 6143124 13   
2  574727 6227013 659585 6179186 16   
3  459828 6154150 725541 6167868 6    
4  533925 6225136 719836 6173647 11   
5  533427 6173092 723961 6177501 5    
6  615921 6254158 657940 6170567 4    
7  523693 6076767 686354 6099867 11   
8  574684 6227015 719962 6178008 9    
9  483742 6225905 684169 6099506 9    
10 478313 6244603 726829 6167226 13   
11 573532 6230885 658032 6081691 9    
12 574359 6224340 654767 6185269 16   
13 555233 6192491 713085 6169929 12   
14 575020 6212907 727945 6174069 3    
15 530372 6134646 683346 6082035 13   
16 590982 6142551 687188 6161725 7    
17 588987 6135401 709031 6203861 3    
18 598831 6147436 688775 6135270 3    
19 545112 6158907 685488 6071992 12   
20 533530 6170874 675752 6123049 8    
