20 33 6 22 60 10 1                
0 677908 6150220 677908 6150220 0   
1  614493 6254864 690749 6160832 5     
2  572120 6223281 688373 6154999 5     
3  459228 6154062 718306 6174283 7     
4  570702 6225042 720869 6177066 7     
5  565087 6258877 691570 6066322 16    
6  564719 6230340 662989 6187584 8     
7  568486 6219296 706084 6172268 7     
8  446675 6234221 718975 6218509 7     
9  610120 6089327 708968 6203918 10    
10 517911 6186575 669697 6075756 8     
11 531601 6245984 725886 6169914 14    
12 505468 6088546 723284 6215260 16    
13 562601 6260684 659256 6195317 7     
14 575364 6213488 659835 6179337 13    
15 558981 6320928 714116 6172693 9     
16 469731 6196542 657180 6192941 16    
17 551560 6153764 726176 6166730 9     
18 611072 6081222 718474 6177041 14    
19 518687 6123404 717873 6190872 13    
20 554100 6235133 722340 6178695 12    