20 33 6 22 60 10 1 6 480 550 0.5 0.1
0 677908 6150220 677908 6150220 0
1  535540 6175538 688659 6135290 4      
2  549189 6239861 700035 6214037 12     
3  520316 6122652 712269 6179072 15     
4  525481 6256968 705545 6162553 9      
5  530776 6123111 721971 6180065 7      
6  530073 6123607 688052 6135622 11     
7  573114 6224161 710100 6173389 7      
8  532346 6151566 698583 6194463 17     
9  468248 6165130 687421 6136064 12     
10 565087 6258877 723831 6185066 12     
11 531606 6149056 692369 6171188 8      
12 565881 6236184 719783 6173144 3      
13 591924 6240805 724368 6184718 16     
14 507179 6176611 718910 6171709 10     
15 535450 6215966 711004 6174193 7      
16 573914 6227586 708702 6167054 10     
17 573813 6224126 706812 6171620 9      
18 526303 6227157 704779 6188005 10     
19 551966 6086341 721952 6181105 3      
20 494564 6180601 695169 6172145 12     
