20 33 6 22 60 10 1                
0 677908 6150220 677908 6150220 0   
1 529602 6149628 688638 6066752 12  
2 610110 6089119 685375 6099223 15  
3 466243 6147569 727247 6173344 14  
4 547252 6158792 720234 6171527 3   
5 601688 6098734 686488 6181892 3   
6 549809 6100818 722720 6173194 10  
7 517625 6143306 725894 6172170 12  
8 564719 6230340 663248 6065181 13  
9 575261 6225111 702611 6223244 15  
10 478324 6153797 716867 6220310 3   
11 574197 6222839 720891 6176457 16  
12 483511 6257981 714316 6180207 9   
13 480580 6091552 677652 6088645 11  
14 609707 6074213 698871 6185847 14  
15 609996 6089557 720215 6208109 6   
16 592044 6140563 698282 6194382 4   
17 586112 6136381 696275 6220307 5   
18 575710 6226271 637710 6078139 15  
19 578438 6202849 723904 6180112 11  
20 577137 6229790 717398 6182604 16  