20 33 6 22 60 10 1
0 677908 6150220 677908 6150220 0
1 575715 6233068 721643 6191903 4
2 526379 6098375 713328 6180335 15
3 551154 6085190 707883 6172444 10
4 509955 6220242 718616 6178587 8
5 551548 6086116 692484 6114229 9
6 525913 6100626 722535 6177884 3
7 566795 6235297 717147 6175321 6
8 571232 6217308 711404 6173040 10
9 563362 6174239 725608 6177619 15
10 590770 6143614 721531 6176620 16
11 457130 6170154 727024 6174269 8
12 533887 6226464 721822 6219434 6
13 467870 6149232 719715 6183738 3
14 573181 6218696 719111 6188923 17
15 548053 6158338 702635 6157129 7
16 586957 6140165 724934 6178541 14
17 525684 6178370 716681 6177794 15
18 485912 6227872 713787 6180528 6
19 533521 6173360 695755 6172192 9
20 505052 6116026 716455 6174308 10