20 33 6 22 60 10 1
0 677908 6150220 677908 6150220 0
1  548892 6101242 716434 6203330 16    
2  591968 6138347 714881 6176375 4     
3  613936 6133135 636804 6090537 11    
4  574166 6225319 693726 6203334 3     
5  525957 6178672 723262 6174599 11    
6  509913 6220688 718024 6169678 17    
7  556382 6223647 722641 6172870 5     
8  589853 6141311 635651 6135564 7     
9  488520 6167288 699086 6145012 3     
10 579782 6270891 721791 6181108 11    
11 603504 6101330 715704 6181121 7     
12 502893 6126638 731013 6167971 15    
13 573181 6218696 688656 6208200 12    
14 519323 6097846 714143 6181226 10    
15 530251 6151302 713838 6174253 4     
16 543094 6083004 724817 6179625 6     
17 487256 6108097 718578 6179768 16    
18 564717 6230332 714028 6181092 14    
19 615770 6090070 707251 6182634 10    
20 602110 6103683 696713 6159709 12    